0	1	62122
1	2	2
2	3	1
3	4	1
4	5	4
5	6	1
6	7	2
7	8	5
8	9	5
9	10	11
10	11	22
11	12	9
12	13	19
13	14	14
14	15	13
15	16	24
16	17	9
17	18	12
18	19	45
19	20	30
20	21	2
21	22	21
22	23	70
23	24	20
24	25	10
25	26	46
26	27	23
27	28	89
28	29	28
29	30	27
30	31	41
31	32	16
32	33	28
33	34	28
34	35	20
35	36	135
36	37	81
37	38	18
38	39	63
39	40	32
40	41	23
41	42	27
42	43	20
43	44	51
44	45	100
45	46	75
46	47	26
47	48	251
48	49	26
49	50	33
50	51	37
51	52	59
52	53	42
53	54	30
54	55	77
55	56	95
56	57	21
57	58	43
58	59	71
59	60	20
60	61	59
61	62	25
62	63	29
63	64	32
64	65	80
65	66	57
66	67	436
67	68	26
68	69	54
69	70	27
70	71	39
71	72	145
72	73	75
73	74	47
74	75	26
75	76	68
76	77	119
77	78	24
78	79	39
79	80	28
80	81	45
81	82	28
82	83	26
83	84	135
84	85	32
85	86	56
86	87	35
87	88	59
88	89	92
89	90	68
90	91	119
91	92	45
92	93	22
93	94	24
94	95	46
95	96	272
96	97	30
97	98	20
98	99	63
99	100	20
100	101	598
101	102	37
102	103	72
103	104	27
104	105	51
105	106	42
106	107	67
107	108	143
108	109	34
109	110	77
110	111	51
111	112	184
112	113	39
113	114	32
114	115	46
115	116	60
116	117	44
117	118	35
118	119	19
119	120	22
120	121	33
121	122	58
122	123	23
123	124	30
124	125	24
125	126	50
126	127	35
127	128	44
128	129	42
129	130	21
130	131	23
131	132	45
132	133	30
133	134	369
134	135	36
135	136	11
136	137	54
137	138	36
138	139	105
139	140	19
140	141	19
141	142	49
142	143	366
143	144	20
144	145	10
145	146	55
146	147	18
147	148	39
148	149	14
149	150	5
150	151	49
151	152	46
152	153	57
153	154	59
154	155	22
155	156	77
156	157	29
157	158	19
158	159	21
159	160	14
160	161	13
161	162	25
162	163	11
163	164	52
164	165	24
165	166	7
166	167	1079
167	168	4
168	169	14
169	170	44
170	171	16
171	172	28
172	173	1
173	174	21
174	175	8
175	176	41
176	177	29
177	178	64
178	179	118
179	180	41
180	181	13
181	182	76
182	183	9
183	184	37
184	185	13
185	186	11
186	187	19
187	188	12
188	189	6
189	190	10
190	191	187
191	192	27
192	193	29
193	194	16
194	195	66
195	196	10
196	197	39
197	198	16
198	199	10
199	200	7
200	201	763
201	202	8
202	203	13
203	204	11
204	205	14
205	206	32
206	207	8
207	208	6
208	209	22
209	210	27
210	211	18
211	212	5
212	213	32
213	214	12
214	215	87
215	216	13
216	217	20
217	218	28
218	219	27
219	220	29
220	221	16
221	222	10
222	223	130
223	224	8
224	225	6
225	226	12
226	227	7
227	228	18
228	229	21
229	230	2
230	231	33
231	232	5
232	234	17
233	235	5
234	236	15
235	237	42
236	238	3
237	239	167
238	240	8
239	241	2
240	242	25
241	243	37
242	244	15
243	245	46
244	246	9
245	247	8
246	248	13
247	249	9
248	250	3
249	251	174
250	252	8
251	253	17
252	254	6
253	255	40
254	256	7
255	257	23
256	258	39
257	259	5
258	260	4
259	261	3
260	262	4
261	263	6
262	264	18
263	265	16
264	266	1
265	267	249
266	268	7
267	269	8
268	270	10
269	271	3
270	272	4
271	273	54
272	274	6
273	275	12
274	276	6
275	277	12
276	278	56
277	279	6
278	280	4
279	281	15
280	282	4
281	283	17
282	284	8
283	285	4
284	286	222
285	287	8
286	288	18
287	289	36
288	290	5
289	291	24
290	292	3
291	293	2
292	294	6
293	295	20
294	296	9
295	297	6
296	298	1
297	299	6
298	300	1
299	301	359
300	302	3
301	303	1
302	304	20
303	305	11
304	306	56
305	307	2
306	308	19
307	309	3
308	310	21
309	311	7
310	312	28
311	313	3
312	314	3
313	315	7
314	316	3
315	317	8
316	318	3
317	319	21
318	320	2
319	321	12
320	322	76
321	324	12
322	325	4
323	326	5
324	327	5
325	328	15
326	329	3
327	330	6
328	331	3
329	332	2
330	333	2
331	334	2536
332	335	1
333	336	1
334	337	6
335	338	1
336	339	3
337	340	7
338	341	8
339	342	2
340	343	4
341	344	2
342	345	3
343	346	13
344	347	12
345	348	6
346	349	16
347	351	4
348	352	4
349	353	6
350	354	1
351	355	1
352	356	21
353	357	2
354	358	43
355	359	11
356	360	6
357	361	1
358	362	29
359	363	4
360	364	26
361	365	2
362	366	2
363	367	6
364	368	5
365	369	4
366	370	1
367	372	5
368	373	5
369	374	5
370	375	2
371	376	2
372	377	3
373	378	14
374	379	5
375	380	6
376	381	77
377	382	14
378	384	2
379	385	17
380	386	3
381	388	1
382	389	25
383	390	3
384	391	2
385	392	6
386	393	50
387	394	6
388	395	1
389	396	5
390	397	1
391	398	10
392	399	4
393	400	1
394	401	383
395	403	3
396	405	2
397	406	1
398	407	3
399	409	1
400	410	13
401	411	6
402	412	3
403	414	1
404	416	2
405	417	23
406	418	4
407	419	10
408	420	5
409	421	1
410	423	15
411	424	5
412	425	5
413	426	2
414	427	3
415	429	103
416	431	3
417	432	1
418	434	1
419	436	5
420	437	7
421	438	1
422	439	2
423	440	2
424	442	3
425	443	1
426	445	28
427	446	1
428	447	1
429	448	2
430	449	4
431	450	1
432	451	2
433	453	2
434	455	11
435	456	1
436	457	1
437	458	2
438	459	2
439	462	6
440	464	2
441	465	20
442	467	89
443	468	1
444	470	2
445	471	2
446	473	19
447	474	1
448	475	2
449	476	1
450	477	61
451	479	1
452	481	2
453	484	3
454	485	3
455	486	1
456	488	3
457	489	8
458	491	7
459	493	1
460	494	1
461	495	1
462	496	1
463	497	3
464	501	614
465	506	3
466	508	1
467	510	5
468	512	5
469	513	4
470	515	4
471	516	6
472	517	1
473	521	1
474	523	1
475	524	48
476	526	7
477	527	1
478	528	18
479	530	1
480	531	1
481	533	1
482	534	75
483	536	19
484	537	2
485	539	3
486	544	1
487	545	1
488	546	10
489	550	1
490	552	3
491	553	1
492	556	17
493	559	2
494	561	5
495	564	3
496	565	1
497	567	3
498	569	1
499	572	53
500	576	3
501	577	1
502	578	7
503	582	4
504	583	1
505	584	7
506	591	3
507	594	1
508	601	183
509	602	1
510	603	1
511	605	1
512	607	1
513	608	10
514	612	7
515	619	2
516	620	28
517	622	1
518	623	5
519	626	2
520	638	1
521	639	2
522	642	1
523	643	7
524	645	2
525	648	1
526	652	1
527	654	1
528	655	4
529	658	1
530	664	3
531	667	1077
532	679	9
533	682	2
534	686	1
535	691	2
536	695	4
537	701	71
538	706	1
539	709	1
540	710	1
541	712	4
542	713	1
543	715	20
544	723	3
545	728	2
546	734	43
547	751	5
548	756	1
549	758	1
550	762	9
551	764	1
552	770	1
553	773	1
554	785	2
555	786	3
556	792	5
557	801	54
558	810	5
559	819	1
560	822	3
561	823	1
562	834	157
563	847	1
564	855	1
565	858	6
566	867	23
567	872	1
568	873	2
569	883	1
570	893	2
571	898	5
572	901	18
573	924	3
574	934	11
575	953	2
576	957	1
577	962	1
578	964	13
579	965	1
580	973	1
581	978	1
582	1000	6462
