1	62122
2	2
3	1
4	1
5	4
6	1
7	2
8	5
9	5
10	11
11	22
12	9
13	19
14	14
15	13
16	24
17	9
18	12
19	45
20	30
21	2
22	21
23	70
24	20
25	10
26	46
27	23
28	89
29	28
30	27
31	41
32	16
33	28
34	28
35	20
36	135
37	81
38	18
39	63
40	32
41	23
42	27
43	20
44	51
45	100
46	75
47	26
48	251
49	26
50	33
51	37
52	59
53	42
54	30
55	77
56	95
57	21
58	43
59	71
60	20
61	59
62	25
63	29
64	32
65	80
66	57
67	436
68	26
69	54
70	27
71	39
72	145
73	75
74	47
75	26
76	68
77	119
78	24
79	39
80	28
81	45
82	28
83	26
84	135
85	32
86	56
87	35
88	59
89	92
90	68
91	119
92	45
93	22
94	24
95	46
96	272
97	30
98	20
99	63
100	20
101	598
102	37
103	72
104	27
105	51
106	42
107	67
108	143
109	34
110	77
111	51
112	184
113	39
114	32
115	46
116	60
117	44
118	35
119	19
120	22
121	33
122	58
123	23
124	30
125	24
126	50
127	35
128	44
129	42
130	21
131	23
132	45
133	30
134	369
135	36
136	11
137	54
138	36
139	105
140	19
141	19
142	49
143	366
144	20
145	10
146	55
147	18
148	39
149	14
150	5
151	49
152	46
153	57
154	59
155	22
156	77
157	29
158	19
159	21
160	14
161	13
162	25
163	11
164	52
165	24
166	7
167	1079
168	4
169	14
170	44
171	16
172	28
173	1
174	21
175	8
176	41
177	29
178	64
179	118
180	41
181	13
182	76
183	9
184	37
185	13
186	11
187	19
188	12
189	6
190	10
191	187
192	27
193	29
194	16
195	66
196	10
197	39
198	16
199	10
200	7
201	763
202	8
203	13
204	11
205	14
206	32
207	8
208	6
209	22
210	27
211	18
212	5
213	32
214	12
215	87
216	13
217	20
218	28
219	27
220	29
221	16
222	10
223	130
224	8
225	6
226	12
227	7
228	18
229	21
230	2
231	33
232	5
234	17
235	5
236	15
237	42
238	3
239	167
240	8
241	2
242	25
243	37
244	15
245	46
246	9
247	8
248	13
249	9
250	3
251	174
252	8
253	17
254	6
255	40
256	7
257	23
258	39
259	5
260	4
261	3
262	4
263	6
264	18
265	16
266	1
267	249
268	7
269	8
270	10
271	3
272	4
273	54
274	6
275	12
276	6
277	12
278	56
279	6
280	4
281	15
282	4
283	17
284	8
285	4
286	222
287	8
288	18
289	36
290	5
291	24
292	3
293	2
294	6
295	20
296	9
297	6
298	1
299	6
300	1
301	359
302	3
303	1
304	20
305	11
306	56
307	2
308	19
309	3
310	21
311	7
312	28
313	3
314	3
315	7
316	3
317	8
318	3
319	21
320	2
321	12
322	76
324	12
325	4
326	5
327	5
328	15
329	3
330	6
331	3
332	2
333	2
334	2536
335	1
336	1
337	6
338	1
339	3
340	7
341	8
342	2
343	4
344	2
345	3
346	13
347	12
348	6
349	16
351	4
352	4
353	6
354	1
355	1
356	21
357	2
358	43
359	11
360	6
361	1
362	29
363	4
364	26
365	2
366	2
367	6
368	5
369	4
370	1
372	5
373	5
374	5
375	2
376	2
377	3
378	14
379	5
380	6
381	77
382	14
384	2
385	17
386	3
388	1
389	25
390	3
391	2
392	6
393	50
394	6
395	1
396	5
397	1
398	10
399	4
400	1
401	383
403	3
405	2
406	1
407	3
409	1
410	13
411	6
412	3
414	1
416	2
417	23
418	4
419	10
420	5
421	1
423	15
424	5
425	5
426	2
427	3
429	103
431	3
432	1
434	1
436	5
437	7
438	1
439	2
440	2
442	3
443	1
445	28
446	1
447	1
448	2
449	4
450	1
451	2
453	2
455	11
456	1
457	1
458	2
459	2
462	6
464	2
465	20
467	89
468	1
470	2
471	2
473	19
474	1
475	2
476	1
477	61
479	1
481	2
484	3
485	3
486	1
488	3
489	8
491	7
493	1
494	1
495	1
496	1
497	3
501	614
506	3
508	1
510	5
512	5
513	4
515	4
516	6
517	1
521	1
523	1
524	48
526	7
527	1
528	18
530	1
531	1
533	1
534	75
536	19
537	2
539	3
544	1
545	1
546	10
550	1
552	3
553	1
556	17
559	2
561	5
564	3
565	1
567	3
569	1
572	53
576	3
577	1
578	7
582	4
583	1
584	7
591	3
594	1
601	183
602	1
603	1
605	1
607	1
608	10
612	7
619	2
620	28
622	1
623	5
626	2
638	1
639	2
642	1
643	7
645	2
648	1
652	1
654	1
655	4
658	1
664	3
667	1077
679	9
682	2
686	1
691	2
695	4
701	71
706	1
709	1
710	1
712	4
713	1
715	20
723	3
728	2
734	43
751	5
756	1
758	1
762	9
764	1
770	1
773	1
785	2
786	3
792	5
801	54
810	5
819	1
822	3
823	1
834	157
847	1
855	1
858	6
867	23
872	1
873	2
883	1
893	2
898	5
901	18
924	3
934	11
953	2
957	1
962	1
964	13
965	1
973	1
978	1
1000	6462
