445	1
507	1
344	3
0	1
346	3
347	2
340	2
1063	1
342	3
343	4
348	3
349	2
718	1
713	2
712	1
710	1
606	3
6797	1
2314	1
619	3
298	2
299	4
296	3
297	3
294	1
295	3
292	7
293	4
290	5
291	4
591	1
590	2
592	1
199	7
198	8
596	1
195	7
194	3
197	12
196	8
191	8
190	14
193	12
192	16
270	7
271	6
272	2
273	3
274	5
275	10
276	3
277	2
278	1
279	1
738	1
2982	8
525	1
1409	1
527	1
521	2
522	2
523	1
2262	1
1016	1
529	2
449	1
448	1
443	2
441	1
440	1
447	1
446	1
1333	1
1332	1
108	35
109	35
102	29
103	39
100	50
101	29
106	38
107	28
104	50
105	38
903	1
39	243
38	214
906	1
907	1
244	11
33	330
32	348
31	310
30	355
37	259
36	290
35	262
34	299
640	2
643	1
644	1
438	1
439	3
2165	1
437	2
434	4
435	1
432	2
433	1
430	9
820	1
339	3
338	3
335	1
334	3
337	6
336	2
331	4
330	3
333	5
332	1
559	1
745	2
856	1
345	5
1375	1
6	3917
341	1
99	27
98	34
91	54
90	42
93	47
92	50
95	44
94	38
97	50
96	44
742	1
743	2
744	2
558	2
747	1
749	1
557	2
556	1
551	2
238	4
239	5
234	8
235	4
236	4
237	7
230	4
231	5
232	3
233	3
1098	1
1052	1
1054	1
1057	1
1	16967
614	1
146	20
147	24
144	24
145	18
142	22
143	21
140	17
141	26
612	1
611	1
616	1
148	20
149	19
912	1
513	2
4460	1
1287	1
940	2
1002	1
1588	1
686	1
681	1
819	2
133	13
132	22
131	25
130	16
137	22
136	21
135	14
134	23
495	3
139	18
138	21
492	2
8010	1
24	495
25	411
26	462
27	431
20	702
21	550
22	573
23	493
28	409
29	327
407	3
406	2
1373	1
1372	1
403	3
2151	1
401	2
400	4
933	1
936	1
409	1
457	2
379	4
378	2
829	1
371	1
370	2
373	2
372	2
821	1
374	1
823	2
376	3
2903	1
1177	1
708	1
700	1
701	1
393	2
1482	1
391	3
89	46
397	2
396	1
394	3
82	59
83	63
80	59
81	57
86	44
87	42
84	53
85	55
797	1
795	1
793	1
790	2
7	2614
601	1
410	2
587	1
584	1
1138	1
582	1
580	1
1987	1
2140	1
1137	1
588	1
245	8
3152	1
247	6
246	8
241	7
240	5
243	8
242	3
615	1
249	7
248	4
2274	1
1434	1
1664	1
519	2
518	1
1009	1
1008	1
1007	1
510	1
1005	1
514	2
517	1
516	2
458	2
621	1
620	1
626	1
624	1
450	1
1341	1
628	2
454	2
4531	1
179	15
178	8
177	18
176	21
175	11
174	9
173	18
172	13
171	10
170	14
2050	1
180	5
182	9
183	15
654	1
181	15
186	8
187	10
184	5
185	10
652	1
188	9
189	12
311	2
658	3
653	1
1123	1
650	1
651	1
2123	1
5109	1
602	1
11	1423
10	1784
13	1108
12	1482
15	919
14	1140
17	774
16	908
19	695
18	816
865	1
866	1
2758	1
882	1
887	2
885	1
62	99
2084	1
3232	1
1612	1
322	1
323	1
320	6
321	1
326	3
327	1
324	3
328	4
329	1
201	7
200	5
203	11
202	6
205	6
204	9
207	7
206	9
209	9
208	7
77	61
76	77
75	60
74	69
73	61
72	82
71	86
70	75
79	67
78	63
2	15632
1049	1
805	1
358	1
1269	1
1146	1
1144	1
668	1
608	1
666	1
1149	1
661	1
769	1
4473	1
2960	1
692	1
690	1
694	1
695	1
3120	1
699	3
542	2
543	3
547	2
544	1
545	1
8	2583
7287	1
2398	1
991	1
2387	1
1310	1
2386	1
999	1
120	31
121	35
122	26
123	31
124	17
125	18
126	23
127	27
128	20
129	21
365	2
4402	1
414	1
415	2
416	2
417	3
1388	1
411	2
412	1
413	1
1385	1
2062	1
923	1
418	3
1381	1
499	1
319	3
318	3
312	2
861	1
310	2
317	3
316	2
315	5
314	2
3277	1
830	1
831	3
836	2
838	1
3	7520
368	1
369	1
366	1
367	2
493	1
362	3
363	1
360	1
361	3
1050	1
380	5
381	2
382	3
383	1
384	3
385	2
386	2
387	5
388	4
389	1
444	1
786	1
787	1
780	2
781	1
783	1
6770	1
256	3
7283	1
579	1
604	1
572	1
571	2
576	3
575	1
60	111
61	104
258	5
63	94
64	111
65	84
66	89
67	82
252	5
69	76
250	5
251	4
253	1
257	6
254	5
255	3
2200	1
2202	1
1589	1
2562	1
405	3
2566	1
733	1
735	1
737	1
509	1
506	3
1033	1
504	2
505	1
502	3
500	2
1374	2
630	1
631	1
632	1
2584	1
634	2
635	1
638	1
464	1
467	1
466	1
461	1
460	2
462	2
168	16
169	16
164	10
165	14
166	13
167	11
160	15
161	15
162	15
163	13
964	2
967	1
962	1
1670	1
1452	1
1842	1
4089	1
1179	1
1390	1
1815	1
600	1
875	1
873	1
2740	1
3182	1
9	1946
1244	1
899	1
646	1
648	1
5209	1
1609	1
3099	1
1605	1
357	1
356	2
354	3
353	3
352	2
351	2
350	1
802	1
807	1
953	1
359	1
804	1
216	6
217	5
214	11
215	8
212	11
213	5
210	8
211	8
760	1
766	1
218	5
219	5
1078	1
289	2
288	3
1444	1
4	7080
281	5
280	8
283	4
282	5
285	4
284	5
287	2
286	6
1159	1
4336	1
1157	1
677	2
670	1
671	1
263	7
262	3
261	8
260	3
267	3
265	2
264	4
269	4
268	4
2553	1
59	102
58	107
55	120
54	119
57	109
56	84
51	141
50	146
53	163
52	171
537	1
536	2
535	1
259	5
2258	2
539	4
5014	1
5018	1
115	30
68	75
117	35
116	21
111	31
110	31
113	30
112	39
119	20
118	28
2396	1
7795	1
2874	1
3008	1
429	2
428	3
534	1
1250	1
1398	1
420	1
916	3
425	1
424	1
427	1
426	3
308	2
309	5
300	2
301	2
302	3
303	4
305	8
306	6
307	3
4115	1
824	1
827	1
844	1
840	1
375	2
848	1
377	4
2679	1
822	2
2922	1
3215	1
3216	1
1639	1
1734	1
569	2
750	2
3857	1
560	1
563	1
565	1
566	1
567	2
229	3
228	5
227	9
226	5
225	8
224	16
223	6
222	11
221	4
220	5
1024	1
1023	2
114	23
88	46
726	1
727	1
724	1
390	2
1742	1
729	1
151	14
150	18
153	24
152	12
155	19
154	18
157	18
156	14
159	16
158	19
4368	1
399	3
468	1
48	188
49	147
46	172
47	168
44	189
45	182
42	194
43	178
40	211
41	203
465	1
1299	2
5	4060
5492	1
1440	2
1565	1
1782	1
488	1
487	2
486	1
485	1
482	1
480	2
451	1
5744	1
472	1
470	1
2001	1
477	1
474	3
478	1
479	1
7466	1
