74.0304	147.384	1
1.0476	20.826	91
50.052	196.245	2
28.0524	35.244	1
20.952	77.697	4
38.994	144.18	1
18.042	104.13	1
49.0044	197.847	1
38.994	131.364	1
32.01	99.324	1
13.0368	49.662	9
33.9888	84.105	1
33.9888	75.294	1
35.9676	237.897	1
20.952	92.916	1
15.9468	65.682	5
40.0416	205.056	1
16.9944	105.732	1
21.9996	29.637	5
104.9928	459.774	1
20.952	56.07	4
16.9944	140.976	1
1.0476	104.13	5
23.0472	100.125	3
3.9576	36.846	7
33.9888	40.851	1
38.994	193.041	1
13.968	63.279	4
1.0476	132.165	1
3.0264	64.08	2
21.9996	100.926	1
32.01	168.21	1
11.9892	96.921	1
35.0364	124.956	1
30.0312	85.707	1
1.0476	52.866	13
49.0044	185.031	1
10.0104	39.249	18
118.0296	575.919	1
37.9464	233.091	1
25.026	67.284	1
20.0208	68.886	3
64.9512	161.802	1
27.0048	40.851	4
33.9888	159.399	1
11.9892	59.274	6
15.0156	17.622	7
47.9568	168.21	1
23.9784	53.667	1
25.026	123.354	1
98.0088	792.99	1
28.9836	47.259	2
21.9996	91.314	2
25.9572	105.732	1
33.9888	135.369	2
8.0316	61.677	3
57.036	162.603	1
43.9992	60.876	1
1.9788	13.617	159
99.9876	725.706	1
47.0256	115.344	1
47.9568	79.299	1
25.026	153.792	1
25.026	63.279	2
8.9628	44.055	14
20.0208	112.14	1
30.0312	185.031	1
18.042	52.866	5
16.9944	72.891	4
1.0476	128.961	1
21.9996	31.239	2
57.036	503.829	1
121.056	805.005	1
33.0576	169.812	2
52.962	294.768	2
3.0264	56.871	2
23.0472	120.15	2
33.9888	225.882	1
47.0256	245.907	1
13.968	56.07	5
20.952	55.269	3
42.0204	192.24	2
20.952	147.384	1
28.9836	60.075	1
38.994	92.115	2
20.0208	51.264	5
21.9996	124.155	1
30.0312	189.837	1
8.9628	17.622	42
79.9668	269.937	1
10.0104	19.224	18
18.042	63.279	5
35.9676	91.314	1
25.9572	36.045	1
33.9888	103.329	1
30.9624	121.752	2
25.9572	104.13	1
32.01	80.1	1
18.042	40.05	4
3.0264	100.926	2
3.0264	148.986	1
81.0144	230.688	1
3.0264	4.806	539
13.968	61.677	4
99.0564	1022.877	1
11.058	101.727	1
11.058	57.672	4
72.9828	169.812	1
69.9564	379.674	1
54.0096	152.19	1
5.0052	147.384	1
23.0472	84.105	2
1.0476	72.09	8
3.0264	27.234	24
28.0524	194.643	1
49.0044	69.687	1
13.0368	60.876	3
5.0052	40.05	8
18.042	100.125	2
106.9716	426.933	1
28.0524	40.851	1
5.0052	11.214	158
20.952	189.837	2
69.0252	233.892	1
47.0256	63.279	2
20.952	542.277	1
94.0512	482.202	1
35.0364	40.05	1
15.9468	100.926	1
30.0312	31.239	2
3.9576	9.612	254
13.968	44.856	6
15.0156	51.264	3
62.0412	166.608	1
6.984	111.339	3
21.9996	84.906	3
11.058	33.642	16
20.0208	107.334	2
35.9676	100.926	2
52.0308	220.275	1
15.0156	75.294	2
6.984	80.901	2
65.9988	131.364	1
27.0048	188.235	1
3.9576	27.234	17
6.0528	32.841	13
18.9732	60.876	8
21.9996	36.846	1
42.0204	132.966	1
3.0264	24.831	26
45.978	136.17	1
16.9944	115.344	1
27.0048	64.08	2
10.0104	76.896	3
62.0412	124.155	1
25.026	36.045	2
33.0576	116.946	1
69.0252	233.091	1
30.0312	177.822	1
23.0472	52.866	1
13.0368	93.717	1
384.0036	5014.26	1
23.0472	135.369	1
32.01	53.667	3
45.978	144.981	1
1.9788	9.612	378
32.01	269.937	1
8.0316	88.911	1
52.962	80.1	1
30.9624	61.677	2
33.9888	88.11	1
21.9996	128.16	1
21.9996	23.229	3
16.9944	59.274	7
10.0104	48.861	7
84.0408	257.922	1
3.0264	65.682	2
15.9468	173.016	1
13.968	64.881	2
3.9576	65.682	4
20.952	48.861	4
30.9624	152.19	1
8.0316	84.105	3
1.9788	184.23	1
98.0088	724.104	1
11.9892	129.762	1
3.9576	153.792	1
42.9516	85.707	1
1.9788	85.707	2
69.0252	221.877	1
25.9572	77.697	3
18.9732	68.886	4
60.9936	567.108	1
1.0476	59.274	4
3.0264	105.732	1
79.9668	330.813	1
37.9464	165.006	1
21.9996	148.986	1
169.0128	515.844	1
25.9572	143.379	1
25.9572	48.06	2
25.026	92.916	3
37.0152	116.946	1
32.01	93.717	1
96.03	818.622	1
20.0208	53.667	6
20.0208	31.239	2
13.0368	91.314	1
11.9892	24.03	27
37.0152	77.697	1
35.9676	57.672	1
25.026	164.205	1
5.0052	390.888	1
42.0204	67.284	1
43.9992	173.817	2
10.0104	60.075	8
11.058	87.309	1
13.0368	60.075	7
42.0204	56.871	1
8.0316	272.34	1
13.0368	64.08	7
74.0304	274.743	1
111.0456	558.297	1
25.9572	25.632	3
35.9676	139.374	1
25.9572	69.687	2
25.9572	194.643	1
38.994	83.304	1
6.984	148.986	1
60.9936	467.784	1
6.984	213.867	1
13.968	3182.373	1
111.9768	301.977	1
60.9936	351.639	1
67.9776	140.976	1
21.9996	96.12	2
120.0084	213.867	1
213.012	3215.214	1
11.9892	91.314	1
3.0264	103.329	1
28.9836	35.244	1
128.04	607.959	1
33.0576	103.329	2
10.0104	43.254	13
25.9572	156.996	1
67.9776	249.111	1
3.0264	75.294	1
20.0208	93.717	1
5.0052	57.672	1
6.0528	67.284	1
52.0308	214.668	1
1.9788	84.906	1
72.9828	262.728	1
6.0528	28.035	38
30.9624	92.916	1
11.058	12.015	18
3.9576	104.931	2
38.994	165.006	1
3.0264	182.628	1
81.9456	582.327	1
1.0476	0.801	16967
67.9776	104.931	1
6.0528	20.826	62
18.9732	165.807	1
28.9836	181.026	1
30.9624	169.812	1
3.9576	51.264	4
33.9888	48.861	2
40.0416	217.071	1
30.9624	147.384	2
6.0528	200.25	1
5.0052	96.12	1
21.9996	141.777	1
20.0208	117.747	3
72.9828	97.722	1
28.0524	337.221	1
55.0572	61.677	1
45.0468	205.056	1
15.9468	43.254	7
1.0476	9.612	414
62.9724	434.142	1
38.994	56.871	1
37.9464	56.871	2
15.9468	108.936	1
5.0052	23.229	46
35.0364	136.971	1
8.0316	137.772	2
5.0052	48.861	3
16.9944	37.647	10
11.9892	48.861	11
1.9788	3.204	1500
67.0464	327.609	1
3.0264	234.693	1
21.9996	39.249	4
30.9624	63.279	1
1.0476	83.304	5
18.9732	48.861	4
71.004	350.838	1
67.9776	111.339	1
37.9464	71.289	2
33.9888	168.21	1
6.984	59.274	3
5.0052	16.02	101
3.0264	245.907	1
6.0528	92.916	1
91.956	507.033	1
81.9456	337.221	1
28.0524	83.304	1
40.9728	173.817	1
32.01	105.732	1
54.0096	141.777	1
59.946	225.882	1
72.0516	406.107	1
23.9784	99.324	2
11.9892	535.068	1
25.026	35.244	2
50.9832	72.891	1
18.9732	39.249	3
133.9764	829.836	1
13.968	132.165	1
8.0316	166.608	1
93.0036	365.256	1
1.0476	41.652	11
55.9884	80.1	1
33.0576	45.657	1
33.0576	117.747	1
37.0152	241.902	1
40.0416	57.672	1
13.0368	137.772	1
50.052	123.354	1
16.9944	128.961	1
18.042	28.836	4
20.952	72.09	3
20.0208	64.08	5
23.9784	31.239	1
11.9892	44.856	8
35.0364	317.997	1
30.9624	95.319	1
3.9576	1373.715	1
1.9788	47.259	5
86.9508	111.339	1
6.984	222.678	1
6.0528	56.871	4
27.0048	109.737	1
25.9572	123.354	2
3.9576	121.752	1
32.01	45.657	4
50.052	212.265	1
15.0156	161.802	1
20.0208	36.045	4
25.026	100.926	2
30.0312	88.911	1
3.9576	181.827	1
55.9884	152.991	1
18.9732	103.329	1
28.0524	96.12	3
23.9784	104.931	1
1.9788	801.801	1
11.058	80.1	1
35.0364	83.304	1
28.0524	59.274	3
30.0312	41.652	1
96.03	208.26	1
6.0528	12.816	97
18.042	36.045	4
96.03	365.256	1
11.058	11.214	28
10.0104	20.826	29
20.952	45.657	3
6.0528	36.045	20
37.0152	64.08	2
38.994	92.916	2
16.9944	152.991	1
13.968	35.244	12
37.9464	116.946	1
72.0516	379.674	1
5.0052	105.732	1
106.9716	197.046	1
6.0528	115.344	1
15.0156	49.662	7
113.0244	248.31	1
13.968	43.254	6
27.0048	95.319	1
15.0156	107.334	1
10.0104	104.13	1
123.966	246.708	1
3.9576	120.951	1
160.05	1638.846	1
1.9788	23.229	33
37.9464	151.389	1
21.9996	69.687	3
174.018	491.814	1
15.9468	71.289	1
27.0048	43.254	1
20.0208	61.677	4
30.0312	88.11	1
59.0148	559.098	1
6.0528	44.856	7
28.0524	65.682	1
18.9732	35.244	4
23.9784	72.09	4
111.0456	374.067	1
23.0472	35.244	2
45.978	197.847	1
89.9772	657.621	1
21.9996	156.195	2
10.0104	52.866	8
106.9716	619.173	1
21.9996	28.035	4
13.0368	16.821	9
45.978	125.757	1
72.9828	429.336	1
20.952	112.14	1
15.0156	60.075	7
28.0524	52.866	1
50.9832	277.146	1
32.01	35.244	3
30.0312	184.23	1
62.0412	217.071	1
16.9944	112.14	2
25.9572	45.657	1
8.9628	67.284	1
1.0476	124.956	1
25.026	77.697	1
118.0296	140.175	1
27.0048	374.868	1
25.9572	182.628	1
40.0416	152.991	1
8.9628	68.085	3
13.0368	120.15	2
54.0096	107.334	1
43.9992	185.832	1
20.952	237.096	1
79.0356	264.33	1
33.0576	36.846	1
3.9576	53.667	1
59.0148	192.24	1
52.0308	137.772	1
6.984	40.05	8
87.9984	281.952	1
25.026	93.717	1
118.0296	830.637	1
18.042	47.259	5
84.0408	202.653	1
33.9888	89.712	2
213.9432	1332.063	1
54.0096	143.379	1
64.02	547.083	1
18.9732	40.05	4
25.9572	52.866	2
23.0472	36.045	2
13.968	120.951	1
1.0476	29.637	44
1.0476	100.926	1
20.0208	35.244	3
147.9444	712.89	1
1.0476	21.627	108
8.0316	153.792	1
27.0048	84.105	4
13.0368	242.703	1
27.0048	56.07	3
21.9996	116.145	1
16.9944	88.911	3
35.0364	173.817	1
1.9788	28.035	33
15.0156	73.692	1
1.9788	56.07	7
33.9888	44.055	5
13.0368	113.742	1
38.994	104.13	1
40.0416	60.876	1
16.9944	28.035	2
1.9788	109.737	1
40.9728	61.677	1
27.0048	67.284	1
10.0104	44.856	5
35.9676	61.677	1
47.9568	85.707	1
50.9832	245.907	1
8.0316	51.264	4
69.9564	241.101	1
11.9892	61.677	2
11.9892	186.633	1
54.0096	169.812	1
33.0576	91.314	1
23.0472	145.782	1
253.9848	898.722	1
20.952	173.817	1
16.9944	76.896	3
42.0204	161.001	1
13.968	20.826	7
25.9572	119.349	1
28.0524	36.045	2
27.0048	115.344	1
20.0208	32.04	18
25.026	71.289	3
6.0528	64.881	1
3.9576	81.702	1
28.0524	108.135	1
74.0304	434.142	1
52.0308	224.28	1
5.0052	91.314	1
15.9468	87.309	2
8.9628	177.021	1
25.026	131.364	1
18.9732	36.045	2
82.9932	100.125	1
30.9624	115.344	1
15.9468	24.831	3
45.0468	178.623	1
38.994	198.648	1
6.984	32.841	17
15.9468	72.891	1
15.9468	63.279	2
38.994	140.976	2
40.0416	182.628	1
21.9996	72.891	4
60.9936	64.881	1
13.968	31.239	7
32.01	131.364	1
16.9944	45.657	5
37.9464	112.941	1
111.9768	639.999	1
1.0476	313.992	2
20.0208	77.697	2
87.9984	222.678	1
77.0568	330.813	1
10.0104	17.622	21
6.0528	39.249	7
5.0052	29.637	21
38.994	149.787	1
3.0264	139.374	1
28.9836	140.976	1
182.0496	652.815	1
13.0368	37.647	8
42.9516	51.264	2
1.0476	101.727	2
15.9468	19.224	5
16.9944	177.822	1
91.0248	398.898	1
16.9944	113.742	1
13.968	165.006	1
155.0448	1663.677	1
18.9732	56.07	5
27.0048	49.662	1
11.9892	60.876	4
13.968	16.821	10
30.9624	84.906	2
21.9996	76.095	3
8.0316	20.025	53
11.058	44.055	14
47.9568	92.115	1
16.9944	93.717	2
8.9628	77.697	2
98.0088	450.963	1
8.9628	44.856	8
60.9936	67.284	1
23.9784	169.812	1
3.9576	69.687	2
21.9996	88.11	2
1.9788	41.652	4
69.9564	685.656	1
69.0252	418.122	1
11.9892	57.672	8
62.0412	160.2	1
77.988	249.912	1
25.9572	120.951	1
33.9888	148.986	1
45.978	96.921	1
42.0204	161.802	1
18.042	20.826	5
25.026	108.135	2
72.0516	97.722	1
1.0476	16.821	118
23.0472	72.891	1
99.0564	575.919	1
287.0424	4367.853	1
1.9788	379.674	1
20.0208	21.627	3
8.9628	20.025	32
30.9624	44.055	1
50.9832	285.957	1
10.0104	53.667	7
45.0468	51.264	1
35.9676	148.185	1
55.9884	423.729	1
55.9884	64.08	1
15.9468	73.692	1
106.0404	159.399	1
28.9836	152.991	2
27.0048	77.697	1
21.9996	41.652	8
28.9836	36.846	1
28.9836	131.364	2
81.0144	97.722	1
13.968	32.841	9
33.0576	123.354	2
20.0208	28.035	3
42.9516	197.046	1
13.968	24.831	7
79.9668	431.739	1
15.9468	16.821	3
6.0528	69.687	2
3.0264	24.03	20
28.0524	79.299	4
6.984	52.866	4
6.0528	56.07	2
15.9468	49.662	8
15.9468	111.339	1
25.026	135.369	1
20.0208	63.279	6
1.0476	64.08	10
40.0416	262.728	1
42.0204	109.737	2
21.9996	100.125	1
30.0312	197.046	1
27.0048	132.966	1
89.046	430.137	1
23.9784	173.016	1
1.9788	197.046	1
49.0044	169.812	1
13.0368	177.021	1
23.9784	147.384	1
11.9892	48.06	24
27.0048	28.836	1
52.0308	732.915	1
10.0104	104.931	3
18.042	127.359	1
1.0476	52.065	9
65.9988	108.135	1
5.0052	68.085	1
18.042	157.797	1
1.0476	210.663	2
101.0352	744.129	1
13.0368	84.105	2
33.9888	100.125	1
131.9976	587.934	1
32.01	72.09	3
38.994	182.628	1
28.0524	140.175	1
5.0052	108.936	1
8.0316	270.738	1
13.968	44.055	6
3.0264	99.324	1
23.9784	161.001	1
18.042	25.632	2
20.0208	75.294	3
38.994	152.991	1
43.9992	169.011	1
59.946	373.266	1
50.9832	177.021	1
6.0528	73.692	3
59.0148	337.221	1
84.972	551.088	1
42.0204	394.092	1
18.9732	28.836	4
47.0256	173.016	1
57.9672	156.195	1
30.0312	32.04	3
45.0468	96.921	1
3.0264	97.722	1
45.0468	194.643	1
11.058	32.04	18
1.9788	76.095	4
57.036	165.807	1
28.0524	40.05	1
35.9676	149.787	2
8.9628	60.075	1
20.0208	100.125	3
62.0412	139.374	1
8.0316	48.06	18
47.9568	177.021	1
43.9992	95.319	1
13.0368	65.682	5
1.0476	141.777	6
6.0528	7.209	46
1.9788	4.806	1057
16.9944	56.07	1
33.9888	107.334	1
6.0528	27.234	31
23.9784	35.244	2
15.9468	39.249	12
30.0312	71.289	2
42.0204	47.259	1
23.9784	68.886	2
5.0052	36.846	9
47.9568	709.686	1
20.952	60.075	4
71.004	320.4	1
32.01	128.961	2
25.9572	107.334	2
47.9568	161.802	2
40.0416	178.623	1
18.042	91.314	1
40.0416	189.837	1
5.0052	64.08	1
50.052	268.335	1
3.9576	20.025	72
15.9468	116.946	1
71.004	281.151	1
55.0572	185.832	1
11.9892	13.617	16
35.9676	36.045	1
10.0104	41.652	14
72.9828	157.797	1
6.984	174.618	1
37.9464	145.782	1
49.0044	65.682	1
55.9884	209.862	1
3.0264	44.055	3
33.0576	65.682	1
25.026	173.016	1
28.0524	112.14	2
28.0524	95.319	3
54.0096	293.166	1
3.0264	31.239	16
10.0104	121.752	1
64.9512	310.788	1
76.0092	503.829	1
60.9936	282.753	1
47.9568	59.274	1
67.0464	369.261	1
118.9608	327.609	1
5.0052	88.11	2
3.0264	33.642	8
6.984	43.254	11
3.9576	170.613	2
258.99	652.014	1
11.058	176.22	12
15.0156	99.324	1
35.0364	112.14	1
35.9676	189.837	1
18.042	72.09	2
13.968	72.09	2
45.978	69.687	1
98.0088	2314.089	1
11.9892	527.058	1
62.9724	201.852	1
8.0316	69.687	1
79.0356	237.096	1
30.0312	135.369	1
52.962	290.763	1
40.0416	387.684	1
13.968	29.637	11
21.9996	32.04	3
143.9868	630.387	1
8.9628	52.866	7
8.0316	23.229	40
30.0312	250.713	1
42.0204	93.717	1
15.0156	100.125	1
8.9628	108.135	1
93.0036	173.016	1
13.0368	119.349	1
1.9788	414.918	1
94.0512	806.607	1
6.0528	105.732	1
6.0528	28.836	28
62.0412	132.165	1
13.968	695.268	1
15.0156	16.02	8
16.9944	27.234	1
35.0364	47.259	1
13.968	68.886	4
20.952	47.259	6
55.9884	274.743	1
140.9604	990.837	1
15.0156	57.672	3
91.956	438.147	1
38.994	59.274	1
33.0576	107.334	1
28.9836	96.12	2
40.9728	92.115	1
6.0528	132.165	1
30.0312	57.672	2
6.0528	326.007	1
5.0052	37.647	9
64.9512	280.35	1
15.9468	36.846	7
42.9516	322.002	1
27.0048	96.921	2
15.0156	156.996	1
15.0156	41.652	13
25.9572	131.364	1
74.0304	165.807	1
43.9992	108.135	1
13.0368	84.906	1
37.0152	200.25	1
11.9892	97.722	1
33.0576	75.294	1
35.9676	318.798	1
20.952	108.936	1
33.9888	132.165	1
72.0516	169.812	1
3.9576	48.861	6
101.0352	512.64	1
87.9984	88.11	1
1.0476	79.299	4
3.9576	48.06	2
60.9936	64.08	1
18.042	48.861	5
213.012	844.254	1
15.9468	147.384	1
50.9832	96.921	1
77.988	202.653	1
18.042	64.08	1
35.0364	140.175	1
1.0476	261.126	3
99.9876	137.772	1
42.9516	60.075	1
43.9992	101.727	2
16.9944	40.851	6
50.9832	196.245	1
13.968	20.025	8
25.026	28.836	3
33.0576	120.15	1
25.9572	73.692	1
18.9732	53.667	3
55.0572	168.21	2
47.0256	181.827	1
43.9992	49.662	1
11.9892	139.374	1
8.0316	32.841	21
18.042	52.065	6
37.0152	147.384	2
25.026	72.891	2
33.0576	76.896	1
8.0316	60.876	2
8.9628	75.294	1
77.0568	292.365	1
13.0368	72.09	3
21.9996	64.08	3
104.9928	390.087	1
30.0312	156.996	1
143.9868	749.736	1
62.0412	68.886	1
18.042	32.04	4
37.9464	273.141	1
10.0104	48.06	6
20.0208	56.871	3
16.9944	53.667	11
57.9672	189.036	1
67.0464	189.036	1
52.0308	160.2	1
25.026	87.309	3
18.042	28.035	7
18.042	56.871	4
20.952	48.06	5
13.968	21.627	4
3.0264	173.016	1
21.9996	128.961	1
69.0252	285.957	1
20.0208	20.826	7
21.9996	71.289	3
16.9944	44.856	10
30.0312	79.299	2
23.9784	120.15	1
28.0524	166.608	1
33.9888	233.892	1
67.9776	91.314	1
16.9944	80.901	1
3.0264	162.603	1
28.9836	116.946	1
40.9728	64.881	1
13.0368	55.269	7
57.036	226.683	1
20.952	92.115	1
60.9936	276.345	1
13.0368	64.881	2
72.9828	169.011	1
23.9784	72.891	7
21.9996	93.717	3
86.9508	194.643	1
13.0368	77.697	3
23.0472	84.906	1
25.9572	135.369	1
3.0264	95.319	2
15.0156	29.637	8
38.994	141.777	2
1.9788	181.026	1
20.952	36.846	1
35.0364	72.891	1
13.0368	140.976	1
50.052	115.344	1
27.0048	35.244	1
23.9784	40.851	1
103.9452	449.361	1
37.9464	120.15	1
13.968	109.737	2
6.0528	188.235	1
32.01	124.956	1
21.9996	35.244	1
13.0368	48.06	8
8.0316	83.304	1
6.984	49.662	2
1.0476	2562.399	1
25.026	115.344	2
76.0092	178.623	1
5.0052	27.234	22
47.0256	209.061	1
59.0148	558.297	1
18.042	84.906	3
40.9728	88.911	1
1.9788	217.872	1
37.9464	84.906	1
20.0208	153.792	1
3.0264	52.065	10
35.0364	169.812	1
6.0528	21.627	46
20.952	84.906	4
5.0052	9.612	205
37.9464	63.279	1
3.0264	7.209	496
1.9788	25.632	44
1.0476	119.349	3
71.004	349.236	1
28.0524	92.916	1
72.0516	378.072	1
23.0472	121.752	1
3.9576	4.005	304
69.9564	228.285	1
25.026	41.652	1
27.0048	192.24	1
25.9572	27.234	2
28.9836	115.344	1
1.9788	17.622	88
13.0368	133.767	1
16.9944	96.12	2
148.992	760.149	1
13.0368	20.826	5
38.994	139.374	1
32.01	177.021	2
28.0524	101.727	1
72.0516	415.719	1
49.0044	253.917	1
25.026	68.085	1
8.0316	52.866	6
16.9944	76.095	2
49.0044	309.186	1
6.984	77.697	2
13.0368	28.035	10
45.0468	49.662	1
62.9724	366.858	1
33.0576	308.385	1
94.9824	104.13	1
15.0156	32.841	8
50.9832	192.24	1
30.0312	174.618	1
11.058	88.911	2
47.0256	104.13	1
28.0524	56.07	3
37.9464	40.851	2
1.9788	160.2	1
32.01	120.15	2
18.042	120.951	2
47.9568	182.628	1
28.9836	44.055	1
1.0476	121.752	1
32.01	73.692	1
3.0264	4.005	460
1.9788	8.811	444
118.0296	343.629	1
15.0156	40.851	10
23.9784	68.085	1
43.9992	107.334	1
20.0208	25.632	4
33.0576	39.249	1
15.0156	81.702	1
15.9468	51.264	3
27.0048	84.906	4
40.0416	91.314	1
67.9776	241.101	1
8.0316	24.03	47
30.0312	64.08	1
6.984	41.652	6
8.9628	41.652	10
25.026	89.712	2
79.9668	244.305	1
8.9628	64.881	1
50.9832	281.952	1
1.9788	16.02	120
77.0568	236.295	1
40.9728	96.12	1
37.9464	156.996	1
27.0048	41.652	1
25.9572	76.095	2
32.01	95.319	1
191.9436	615.168	1
21.9996	107.334	1
11.058	81.702	1
20.0208	120.15	1
67.0464	177.021	1
57.036	177.021	1
3.9576	61.677	5
45.0468	140.175	1
55.0572	159.399	1
35.9676	153.792	1
20.0208	73.692	2
33.9888	334.017	1
13.0368	76.896	2
47.9568	297.972	1
28.9836	104.931	2
184.9596	1159.047	1
33.0576	182.628	1
3.0264	21.627	47
20.952	105.732	1
18.042	75.294	3
11.9892	73.692	4
1.0476	378.873	1
10.0104	52.065	4
1.9788	289.161	1
8.9628	56.871	4
59.946	298.773	1
5.0052	45.657	2
3.9576	180.225	1
35.9676	204.255	1
1.0476	354.042	1
1.9788	230.688	1
25.026	91.314	3
45.978	108.135	1
3.9576	105.732	2
89.046	189.036	1
3.0264	121.752	2
18.9732	125.757	1
20.0208	95.319	1
11.058	40.851	13
27.0048	125.757	1
18.9732	19.224	32
11.9892	132.165	1
35.9676	145.782	2
18.042	830.637	1
20.0208	100.926	1
64.02	361.251	1
23.0472	68.886	2
28.0524	43.254	1
35.0364	192.24	2
6.0528	16.821	90
3.0264	88.911	2
52.962	298.773	1
1.0476	257.922	2
10.0104	262.728	1
45.978	260.325	1
6.0528	24.831	28
62.0412	393.291	1
11.9892	23.229	17
25.9572	64.881	2
13.0368	100.125	1
89.046	450.162	1
47.9568	201.051	1
69.9564	193.041	1
27.0048	72.09	2
37.0152	99.324	1
25.026	129.762	2
1.0476	68.886	5
35.9676	37.647	1
74.0304	657.621	1
15.9468	53.667	6
33.0576	181.026	1
3.9576	60.876	1
40.9728	100.926	1
18.9732	117.747	1
25.9572	115.344	2
47.0256	108.936	1
33.0576	197.046	1
8.9628	100.125	2
1.9788	1.602	2494
37.0152	161.802	1
37.9464	116.145	2
55.9884	394.092	1
55.9884	121.752	1
13.968	15.219	9
8.0316	77.697	2
13.968	59.274	6
30.0312	269.136	1
3.0264	76.896	4
18.9732	116.145	1
27.0048	111.339	1
3.9576	57.672	1
72.0516	201.852	2
23.9784	91.314	2
74.0304	676.845	1
18.042	35.244	4
3.0264	36.846	6
11.9892	24.831	13
18.042	65.682	5
42.9516	103.329	2
3.0264	20.025	45
59.0148	176.22	1
43.9992	149.787	1
57.036	124.155	1
118.9608	302.778	1
42.0204	218.673	1
23.0472	79.299	3
1.0476	115.344	3
21.9996	89.712	2
1.0476	56.07	4
3.0264	16.821	67
25.9572	189.837	1
15.0156	60.876	2
3.0264	419.724	1
8.0316	88.11	1
8.9628	43.254	11
23.9784	44.856	1
6.0528	12.015	129
42.9516	347.634	1
37.9464	168.21	1
1.0476	40.851	14
16.9944	39.249	8
199.9752	249.912	1
35.9676	68.886	1
33.0576	44.856	1
18.042	17.622	6
1.9788	185.832	1
50.052	173.016	1
20.952	117.747	1
30.9624	92.115	3
35.9676	99.324	1
6.0528	290.763	1
20.0208	60.876	7
30.0312	89.712	2
25.9572	89.712	1
133.9764	1452.213	1
42.0204	173.817	1
512.0436	4459.968	1
25.9572	52.065	2
15.0156	39.249	9
15.9468	1332.864	1
81.0144	439.749	1
10.0104	20.025	52
25.026	92.115	2
23.9784	27.234	6
11.9892	43.254	9
32.01	148.185	3
5.0052	41.652	2
1.9788	83.304	2
5.0052	77.697	1
28.9836	33.642	1
35.9676	56.07	1
86.0196	446.157	1
30.0312	72.891	1
1.0476	4.806	2109
45.978	140.976	2
111.0456	648.009	1
8.0316	72.09	4
16.9944	92.115	3
20.0208	108.936	1
18.042	67.284	2
37.0152	157.797	1
32.01	205.857	1
33.0576	111.339	2
16.9944	286.758	1
30.0312	91.314	4
1.9788	28.836	17
42.9516	121.752	1
20.952	99.324	1
28.9836	99.324	1
20.0208	83.304	1
13.968	79.299	1
37.9464	1179.072	1
59.0148	221.877	1
16.9944	28.836	2
30.0312	113.742	1
27.0048	164.205	2
40.9728	178.623	2
15.0156	45.657	11
1.0476	45.657	14
23.0472	27.234	1
21.9996	80.901	2
35.9676	60.876	1
6.0528	35.244	12
77.988	438.948	1
23.9784	107.334	1
13.0368	28.836	14
35.9676	228.285	1
135.9552	668.034	1
23.9784	119.349	2
35.0364	133.767	1
5.0052	100.926	2
3.0264	28.836	13
77.988	399.699	1
18.042	124.155	1
30.0312	164.205	1
38.994	104.931	1
33.0576	145.782	1
13.968	148.986	1
57.036	534.267	1
35.0364	370.863	1
16.9944	48.861	7
8.0316	49.662	2
20.952	113.742	1
203.0016	564.705	1
35.0364	132.165	1
28.0524	108.936	2
3.9576	72.891	2
25.026	103.329	2
5.0052	67.284	1
32.01	64.881	3
20.952	60.876	2
45.978	374.868	1
8.0316	104.13	1
94.9824	429.336	1
3.9576	399.699	1
35.9676	40.851	1
177.0444	1078.146	1
3.0264	32.04	10
3.9576	13.617	130
1.0476	185.031	1
5.0052	543.078	1
28.9836	31.239	1
11.9892	84.906	1
3.9576	112.941	1
55.0572	145.782	1
1.9788	48.06	7
1.0476	8.01	830
11.9892	47.259	9
30.0312	209.061	1
6.984	35.244	16
28.0524	68.085	2
84.972	177.822	1
6.984	16.821	78
1.9788	65.682	6
13.0368	79.299	3
33.0576	152.991	1
64.9512	331.614	1
15.9468	107.334	1
11.9892	87.309	1
1.0476	162.603	1
11.058	186.633	1
30.9624	109.737	1
5.0052	52.866	5
11.9892	120.951	1
23.0472	119.349	2
13.0368	32.841	20
28.9836	136.17	2
59.0148	205.857	1
21.9996	45.657	5
40.0416	96.921	1
1.0476	40.05	26
20.0208	64.881	5
62.9724	137.772	1
27.0048	264.33	1
11.058	71.289	2
11.058	24.03	29
150.0396	940.374	1
6.984	8.01	50
23.0472	96.12	1
38.994	68.085	1
47.9568	148.986	1
23.9784	161.802	1
23.0472	213.066	1
15.0156	104.13	1
3.9576	2140.272	1
18.042	44.055	7
38.994	96.921	1
55.0572	137.772	1
11.058	45.657	13
1.9788	40.05	21
43.9992	91.314	2
33.9888	80.901	1
121.9872	1176.669	1
37.0152	317.997	1
69.9564	140.175	1
15.0156	80.901	1
32.01	173.016	1
30.9624	73.692	5
15.9468	48.861	10
23.0472	87.309	1
13.968	128.16	1
15.0156	69.687	3
23.0472	68.085	1
6.0528	19.224	69
1.0476	248.31	1
15.0156	83.304	2
49.0044	67.284	2
28.0524	77.697	3
8.0316	81.702	1
8.9628	20.826	31
40.9728	92.916	1
32.01	213.867	2
21.9996	104.13	2
15.0156	44.055	5
23.9784	36.045	4
35.9676	131.364	1
57.9672	186.633	1
20.0208	242.703	1
86.9508	378.072	1
65.9988	107.334	1
50.9832	80.901	1
40.0416	524.655	1
18.042	161.001	1
116.982	379.674	1
152.0184	544.68	1
28.0524	88.11	1
30.0312	155.394	3
23.0472	95.319	2
15.0156	36.045	11
3.0264	165.807	1
35.9676	196.245	1
37.9464	76.896	1
191.9436	1340.874	1
59.0148	115.344	1
23.9784	76.896	1
18.9732	79.299	5
23.0472	45.657	2
13.0368	21.627	10
6.0528	49.662	7
3.0264	71.289	2
21.9996	24.03	4
28.9836	169.011	2
30.9624	116.946	1
25.9572	39.249	2
1.9788	148.986	1
42.0204	148.986	1
45.978	81.702	1
30.9624	117.747	1
13.968	48.861	8
25.026	56.07	3
94.0512	301.977	1
15.0156	48.861	4
33.9888	109.737	1
49.0044	514.242	1
18.9732	80.1	2
99.9876	638.397	1
18.9732	92.115	4
33.0576	124.155	1
30.9624	79.299	1
35.0364	59.274	1
62.0412	178.623	1
28.0524	113.742	1
6.984	53.667	4
35.9676	63.279	2
35.0364	116.145	1
5.0052	101.727	1
269.0004	2873.988	1
33.0576	69.687	1
21.9996	67.284	1
28.9836	57.672	3
1.0476	71.289	1
10.0104	29.637	26
8.9628	83.304	1
45.978	285.156	1
1.0476	2386.179	1
16.9944	353.241	1
23.9784	76.095	1
11.058	19.224	12
21.9996	61.677	2
62.9724	201.051	1
316.9572	2165.103	1
8.9628	65.682	1
15.0156	85.707	2
5.0052	84.105	1
76.0092	205.857	1
20.952	69.687	4
47.0256	55.269	1
5.0052	7.209	106
21.9996	124.956	1
3.0264	173.817	1
15.0156	35.244	7
52.962	152.19	1
32.01	83.304	2
65.9988	225.081	1
30.9624	128.961	2
15.0156	119.349	1
3.9576	7.209	291
81.0144	484.605	1
23.9784	75.294	3
5.0052	32.04	17
35.0364	229.887	1
8.9628	107.334	1
138.0504	320.4	1
23.9784	52.866	1
155.976	330.012	1
20.952	39.249	1
79.0356	1389.735	1
18.9732	23.229	2
3.9576	16.02	125
529.9692	5208.903	1
33.0576	112.14	1
28.9836	56.871	2
49.0044	212.265	1
38.994	140.175	1
30.0312	127.359	3
8.9628	40.05	14
21.9996	108.135	1
5.0052	92.916	2
253.0536	614.367	1
20.0208	2902.824	1
11.058	543.078	2
1.0476	230.688	1
11.058	27.234	24
30.0312	104.13	1
30.9624	52.065	1
49.0044	305.982	1
28.0524	181.026	1
10.0104	327.609	1
1.0476	7.209	941
93.0036	457.371	1
15.9468	55.269	6
8.0316	21.627	46
38.994	129.762	1
23.9784	139.374	1
23.9784	56.871	2
106.0404	665.631	1
28.0524	39.249	2
28.9836	209.061	1
243.9744	626.382	1
55.9884	96.12	1
33.9888	470.187	1
33.9888	144.981	1
1.0476	281.151	1
23.0472	24.03	5
64.9512	91.314	1
20.952	103.329	2
33.0576	97.722	2
16.9944	57.672	9
15.9468	21.627	8
11.058	13.617	6
10.0104	16.02	14
35.0364	120.951	1
30.0312	47.259	1
54.0096	128.961	1
131.9976	172.215	1
40.0416	64.08	1
21.9996	133.767	1
27.0048	92.115	2
37.9464	209.862	2
8.9628	48.06	9
3.0264	382.077	1
30.0312	129.762	1
143.0556	590.337	1
3.0264	226.683	1
28.0524	109.737	1
3.9576	80.901	1
3.9576	258.723	1
54.0096	274.743	1
11.058	64.881	2
18.042	92.916	4
69.9564	338.823	1
1.0476	88.911	4
59.946	245.106	1
23.9784	84.906	1
37.0152	151.389	1
5.0052	28.035	34
28.0524	100.926	2
101.9664	382.077	1
18.9732	201.051	1
6.984	39.249	13
89.9772	272.34	1
15.0156	47.259	6
23.0472	124.956	1
15.9468	249.912	1
13.968	13.617	11
33.0576	95.319	1
28.9836	80.901	1
40.9728	186.633	1
16.9944	60.075	4
35.9676	168.21	1
28.0524	145.782	1
16.9944	33.642	24
8.9628	85.707	3
30.9624	173.016	1
42.9516	322.803	1
20.0208	28.836	2
42.9516	96.921	1
82.9932	410.112	1
3.0264	40.851	5
30.9624	57.672	1
20.952	63.279	2
6.0528	40.851	8
13.0368	69.687	2
45.0468	112.14	2
5.0052	24.03	26
13.0368	19.224	6
67.0464	269.937	1
142.008	390.087	1
13.0368	297.972	1
33.9888	92.115	1
18.9732	20.826	1
42.0204	76.095	3
15.9468	60.876	4
13.968	39.249	12
475.9596	7466.121	1
3.9576	44.055	5
45.0468	64.08	2
5.0052	159.399	1
59.946	371.664	1
49.0044	105.732	1
3.9576	96.12	1
67.0464	96.921	1
18.042	99.324	1
10.0104	40.851	11
28.0524	80.1	1
10.0104	433.341	1
16.9944	743.328	1
23.0472	31.239	3
40.9728	120.951	1
8.0316	105.732	1
11.058	64.08	1
40.9728	67.284	2
1.0476	17.622	124
1.9788	43.254	8
23.9784	40.05	2
5.0052	32.841	9
89.046	312.39	1
40.0416	65.682	1
15.9468	64.881	3
35.0364	51.264	1
50.052	411.714	1
30.9624	166.608	3
11.058	36.045	9
23.9784	87.309	4
23.9784	111.339	1
1.0476	12.816	243
3.0264	43.254	11
35.9676	124.155	1
182.0496	1565.154	1
74.0304	148.986	1
37.0152	166.608	1
35.0364	128.961	1
18.9732	28.035	1
93.0036	105.732	1
6.0528	43.254	6
16.9944	31.239	4
33.0576	99.324	1
108.9504	822.627	1
37.0152	95.319	1
115.0032	253.116	1
6.984	127.359	1
18.9732	67.284	6
35.0364	189.837	1
27.0048	55.269	1
13.968	96.921	1
18.9732	133.767	1
125.9448	689.661	1
15.0156	108.135	1
3.9576	99.324	1
38.994	88.911	1
69.9564	72.09	1
25.9572	97.722	1
40.9728	156.195	1
11.9892	100.125	1
45.978	176.22	1
40.9728	232.29	1
1.9788	75.294	1
20.0208	20.025	3
20.952	116.145	1
28.0524	105.732	2
37.0152	120.15	1
155.0448	465.381	1
15.9468	36.045	5
135.9552	963.603	1
67.9776	172.215	1
18.9732	155.394	1
10.0104	45.657	5
37.9464	148.185	1
1.9788	128.961	1
3.9576	23.229	31
40.0416	95.319	1
16.9944	81.702	6
428.0028	3119.895	1
57.036	141.777	2
27.0048	148.185	2
6.984	15.219	59
23.0472	36.846	2
11.9892	108.135	1
74.0304	144.981	1
15.9468	81.702	4
28.0524	72.09	4
35.0364	39.249	2
30.0312	72.09	2
18.042	186.633	1
25.026	104.931	1
20.952	36.045	2
94.9824	506.232	1
6.0528	8.811	68
47.0256	92.916	1
11.058	35.244	28
40.9728	156.996	1
42.0204	216.27	1
3.0264	48.06	4
28.0524	124.956	1
40.9728	145.782	1
50.9832	245.106	1
35.9676	76.896	1
28.0524	128.16	2
28.9836	52.065	2
21.9996	59.274	1
25.026	49.662	1
86.0196	377.271	1
3.0264	209.862	1
16.9944	16.821	24
27.0048	36.846	2
143.9868	491.814	1
13.968	55.269	8
18.042	80.1	2
30.0312	143.379	1
28.9836	182.628	1
16.9944	36.846	6
50.052	502.227	1
3.9576	24.831	22
38.994	269.937	1
30.0312	333.216	1
42.9516	135.369	1
33.9888	383.679	1
106.9716	338.022	1
18.042	108.135	1
57.036	177.822	1
21.9996	111.339	1
32.01	136.17	1
8.9628	24.03	37
16.9944	181.026	1
11.9892	20.826	7
23.9784	39.249	3
16.9944	75.294	6
37.0152	112.14	1
23.0472	23.229	2
28.9836	96.921	2
18.9732	72.09	3
1.0476	156.996	3
45.978	169.812	1
13.968	45.657	11
1.0476	269.937	1
25.9572	181.026	1
177.9756	387.684	1
30.0312	51.264	2
21.9996	963.603	1
1.0476	129.762	2
28.0524	89.712	1
27.0048	89.712	2
30.9624	201.051	1
32.01	221.877	1
60.9936	1670.085	1
3.9576	104.13	2
6.984	24.831	40
28.0524	41.652	2
33.0576	67.284	1
87.9984	378.873	1
16.9944	80.1	2
15.9468	101.727	1
25.026	161.001	1
69.0252	269.937	1
11.9892	309.186	1
40.0416	224.28	1
15.9468	29.637	9
37.0152	96.12	3
18.9732	64.881	7
21.9996	125.757	1
28.9836	68.886	1
6.984	37.647	16
140.0292	657.621	1
3.0264	25.632	26
43.9992	225.081	1
5.0052	39.249	8
6.0528	48.06	4
23.0472	51.264	1
40.0416	124.956	1
20.0208	79.299	2
23.9784	65.682	2
47.0256	121.752	1
30.0312	112.14	1
30.9624	60.876	1
35.0364	197.847	1
27.0048	47.259	3
40.9728	155.394	1
18.9732	68.085	2
16.9944	19.224	5
279.942	5018.265	1
72.9828	244.305	1
47.9568	108.135	1
59.0148	196.245	1
5.0052	12.015	147
247.0008	744.129	1
23.9784	108.936	1
18.9732	132.966	1
35.9676	108.135	1
13.968	51.264	6
1.0476	144.18	1
40.9728	44.856	1
21.9996	169.011	1
25.9572	108.135	1
33.0576	32.841	34
18.042	23.229	7
28.9836	212.265	1
40.9728	133.767	1
1.0476	8.811	556
6.984	13.617	98
77.0568	225.081	1
37.0152	51.264	1
3.0264	83.304	1
582.0	6770.052	1
27.0048	112.941	2
33.0576	165.807	1
25.9572	32.04	1
13.968	49.662	7
11.9892	19.224	12
33.0576	64.08	2
1.0476	96.921	3
8.0316	13.617	37
28.0524	31.239	2
1.0476	28.035	38
6.984	131.364	2
8.0316	27.234	38
37.0152	137.772	1
25.9572	157.797	2
3.0264	44.856	8
37.9464	87.309	1
59.0148	316.395	1
20.0208	132.165	1
71.004	112.14	1
45.978	64.08	1
69.9564	213.867	1
23.0472	29.637	1
18.9732	63.279	4
35.0364	96.921	2
3.9576	15.219	127
1.0476	383.679	1
42.9516	523.053	1
11.058	32.841	25
15.9468	254.718	1
1.9788	261.927	1
35.9676	81.702	1
45.978	108.936	1
35.9676	186.633	1
57.036	192.24	1
23.0472	64.881	5
10.0104	47.259	11
65.9988	555.894	1
11.9892	37.647	11
23.0472	92.115	1
23.0472	76.896	2
42.0204	80.901	1
23.0472	25.632	3
16.9944	51.264	5
21.9996	129.762	1
13.968	16.02	11
1.9788	92.916	2
59.946	234.693	1
1.9788	87.309	2
59.946	149.787	1
18.042	73.692	2
59.946	292.365	1
11.058	69.687	2
25.9572	40.851	1
15.0156	623.979	1
1.9788	59.274	7
18.042	2679.345	1
6.0528	109.737	1
52.962	153.792	1
1.9788	24.831	24
28.0524	81.702	1
8.0316	64.08	1
40.0416	56.871	2
40.9728	132.165	1
3.0264	41.652	8
32.01	121.752	2
15.9468	91.314	3
18.9732	153.792	1
3.9576	60.075	2
3.9576	169.011	1
1.9788	196.245	1
3.0264	76.095	2
15.0156	65.682	3
64.02	350.838	1
20.952	28.836	1
15.9468	44.055	7
18.9732	73.692	3
1.0476	198.648	1
23.0472	76.095	2
18.042	113.742	1
167.034	1050.111	1
1.0476	36.045	30
28.0524	96.921	3
13.968	52.866	10
32.01	128.16	1
18.042	189.036	1
15.9468	31.239	9
30.0312	148.185	1
28.9836	91.314	1
6.0528	11.214	88
1.9788	123.354	2
1.9788	19.224	62
8.0316	8.01	55
52.0308	52.866	1
133.9764	2262.024	1
67.9776	202.653	1
33.9888	69.687	1
113.9556	441.351	1
8.0316	71.289	1
1.9788	84.105	2
11.9892	88.911	1
21.9996	28.836	3
23.0472	152.991	1
3.9576	85.707	1
18.9732	32.841	6
8.0316	43.254	5
28.0524	60.876	1
8.9628	49.662	7
578.0424	5743.971	1
64.9512	317.196	1
544.9848	5491.656	1
42.9516	149.787	1
28.0524	103.329	4
1.0476	24.03	59
47.0256	89.712	1
16.9944	71.289	8
5.0052	19.224	78
49.0044	159.399	1
42.9516	458.172	1
5.0052	25.632	32
43.9992	45.657	1
33.9888	112.14	3
55.9884	148.185	1
28.9836	157.797	1
52.0308	156.195	2
67.9776	390.888	1
20.0208	104.13	1
59.946	410.112	1
20.0208	116.946	1
18.042	29.637	2
69.0252	238.698	1
8.0316	56.871	4
1.9788	73.692	2
30.0312	36.846	2
3.9576	67.284	3
16.9944	112.941	1
50.052	108.936	1
1.0476	92.115	5
11.058	124.956	1
1.0476	125.757	1
45.0468	314.793	1
28.9836	382.077	1
18.042	45.657	6
15.0156	32.04	15
8.0316	25.632	42
13.0368	24.03	9
55.0572	153.792	1
3.9576	128.16	1
30.9624	35.244	2
52.962	84.105	1
15.9468	68.886	2
33.9888	208.26	1
3.9576	257.121	1
1.9788	49.662	11
23.0472	80.901	1
33.0576	84.906	1
18.042	1588.383	1
52.0308	156.996	1
40.0416	69.687	1
91.0248	728.91	1
3.0264	36.045	12
40.0416	161.001	1
25.026	117.747	2
3.0264	8.01	422
8.0316	39.249	6
62.9724	145.782	1
10.0104	12.015	21
8.9628	32.04	29
32.01	80.901	2
11.058	60.876	2
28.9836	65.682	3
74.0304	96.12	1
57.036	120.951	1
67.0464	389.286	1
28.0524	104.931	1
15.9468	64.08	11
47.9568	127.359	1
55.9884	201.051	1
27.0048	101.727	1
23.0472	104.931	1
23.0472	99.324	1
104.9928	246.708	1
28.9836	149.787	1
67.0464	178.623	1
8.9628	19.224	36
91.0248	606.357	1
18.042	27.234	7
162.0288	535.869	1
30.9624	108.135	1
38.994	48.06	1
18.9732	69.687	1
32.01	37.647	1
11.9892	15.219	10
25.026	157.797	2
108.9504	401.301	1
72.0516	516.645	1
8.9628	25.632	26
23.9784	24.03	1
30.9624	31.239	1
72.9828	282.753	1
37.0152	155.394	1
27.0048	80.1	3
76.0092	454.167	1
35.9676	151.389	1
3.0264	60.075	3
5.0052	33.642	14
15.9468	57.672	2
8.0316	31.239	23
18.042	20.025	6
55.9884	161.001	1
18.9732	41.652	1
21.9996	73.692	2
3.9576	116.946	1
8.0316	116.946	1
25.9572	51.264	1
126.9924	305.181	1
11.9892	64.881	4
69.0252	339.624	1
33.0576	52.866	2
37.0152	148.986	2
45.978	160.2	1
21.9996	60.876	2
54.0096	174.618	1
13.0368	51.264	9
45.0468	306.783	1
33.9888	96.921	1
20.0208	37.647	2
50.9832	68.886	1
50.9832	178.623	1
32.01	88.911	1
21.9996	40.851	3
43.9992	73.692	2
32.01	182.628	2
1.9788	108.135	1
1.0476	11.214	309
32.01	60.876	1
25.9572	125.757	1
3.0264	155.394	1
5.0052	123.354	2
15.9468	69.687	6
18.9732	116.946	2
25.9572	173.817	1
6.0528	44.055	4
60.9936	96.12	1
11.9892	88.11	2
25.9572	192.24	1
57.9672	131.364	1
5.0052	56.07	3
16.9944	69.687	6
1.0476	25.632	49
23.0472	77.697	2
32.01	176.22	1
16.9944	44.055	3
99.9876	848.259	1
3.9576	100.926	1
25.9572	161.802	2
93.0036	619.974	1
38.994	44.055	2
152.9496	906.732	1
35.0364	120.15	2
64.02	495.018	1
35.9676	72.09	1
21.9996	68.886	3
3.9576	59.274	3
5.0052	28.836	14
8.9628	36.045	19
1.0476	292.365	2
45.978	144.18	1
13.0368	132.165	1
157.0236	735.318	1
8.9628	692.064	1
25.9572	111.339	3
64.9512	333.216	1
37.0152	136.971	1
11.9892	27.234	22
43.9992	56.871	1
57.036	362.853	1
69.9564	152.991	1
20.0208	88.911	4
18.9732	164.205	1
67.9776	916.344	1
43.9992	79.299	1
15.9468	32.841	7
40.9728	93.717	1
6.984	96.921	1
55.0572	80.1	1
6.0528	204.255	1
11.9892	84.105	1
25.9572	121.752	1
1.0476	147.384	2
72.9828	189.036	1
23.0472	104.13	1
77.988	487.008	1
23.9784	32.841	3
50.9832	438.948	1
8.0316	15.219	37
1.9788	318.798	1
1.9788	168.21	1
23.0472	37.647	2
123.966	345.231	1
20.952	133.767	1
45.0468	77.697	1
25.9572	127.359	1
20.0208	27.234	2
6.984	79.299	2
23.9784	29.637	4
45.0468	182.628	1
5.0052	59.274	2
57.036	262.728	1
64.9512	264.33	1
40.9728	107.334	2
35.9676	59.274	3
11.9892	320.4	1
1.9788	36.846	17
28.9836	32.04	3
33.9888	123.354	2
89.046	284.355	1
1.9788	105.732	1
45.0468	151.389	1
15.9468	104.13	2
15.0156	338.022	1
33.0576	129.762	1
6.984	197.847	1
30.0312	727.308	1
25.026	48.06	4
57.036	361.251	1
28.0524	64.881	6
96.9612	386.883	1
6.984	95.319	2
1.9788	7.209	650
62.9724	241.101	1
13.0368	302.778	1
11.9892	49.662	6
5.0052	20.826	44
35.9676	156.195	1
18.9732	45.657	3
18.9732	24.831	7
11.9892	81.702	1
33.0576	73.692	1
42.0204	165.807	1
35.0364	208.26	1
18.042	83.304	3
6.0528	68.085	1
3.0264	116.145	2
3.9576	35.244	9
145.9656	520.65	1
28.0524	75.294	1
37.0152	111.339	1
57.9672	343.629	1
25.9572	87.309	1
20.952	80.1	3
6.0528	193.842	1
52.962	77.697	1
23.9784	100.125	4
27.0048	69.687	2
55.9884	84.105	1
86.9508	92.916	1
11.9892	31.239	10
52.0308	83.304	1
30.0312	80.1	1
3.9576	33.642	9
27.0048	76.095	1
23.0472	115.344	1
111.9768	151.389	1
23.9784	36.846	3
8.9628	124.956	1
13.0368	53.667	7
47.9568	72.891	1
6.984	17.622	79
18.042	152.991	1
69.9564	148.185	1
23.9784	24.831	1
42.9516	69.687	1
6.984	47.259	9
1.0476	643.203	1
18.9732	111.339	2
15.0156	36.846	13
40.0416	80.901	1
23.9784	92.115	2
40.9728	116.145	1
64.9512	261.126	1
13.0368	125.757	1
40.0416	170.613	1
11.058	39.249	11
10.0104	28.035	31
18.9732	56.871	2
21.9996	108.936	1
18.9732	95.319	4
8.0316	40.05	8
55.0572	248.31	1
62.0412	317.196	1
28.9836	437.346	1
20.0208	39.249	4
8.0316	292.365	1
13.968	17.622	6
1.9788	89.712	3
52.962	111.339	1
25.9572	148.986	1
1.9788	52.866	9
43.9992	104.13	1
25.026	277.146	1
13.968	40.851	7
1.0476	308.385	1
15.0156	53.667	5
15.0156	133.767	3
13.968	57.672	3
20.0208	55.269	3
27.0048	214.668	1
6.0528	84.105	1
11.9892	39.249	12
32.01	89.712	1
27.0048	144.981	1
45.0468	75.294	1
55.0572	1002.051	1
40.0416	426.132	1
1.0476	182.628	1
67.0464	115.344	1
104.9928	916.344	1
43.9992	137.772	1
42.9516	137.772	1
5.0052	115.344	1
18.042	116.145	1
20.0208	33.642	4
118.9608	386.883	1
18.9732	129.762	1
8.0316	35.244	17
16.9944	47.259	9
20.952	31.239	1
35.9676	165.807	1
1.0476	189.837	2
33.9888	273.141	1
25.026	59.274	3
8.9628	88.11	1
45.978	317.997	1
11.058	59.274	3
94.0512	354.042	1
50.9832	479.799	1
6.0528	181.827	1
11.058	75.294	2
1.0476	63.279	6
20.0208	103.329	2
23.9784	100.926	1
40.0416	75.294	1
28.9836	29.637	1
30.0312	522.252	1
27.0048	116.946	1
15.9468	68.085	2
50.052	151.389	1
10.0104	131.364	1
47.0256	59.274	1
23.0472	44.856	3
28.0524	100.125	1
11.9892	17.622	11
3.9576	11.214	216
3.9576	16.821	95
55.0572	71.289	1
8.0316	37.647	12
11.058	543.879	1
16.9944	99.324	2
10.0104	36.045	24
3.9576	8.01	326
32.01	56.07	1
33.9888	155.394	1
15.9468	40.851	11
13.968	84.105	4
8.9628	45.657	9
8.0316	52.065	6
6.0528	60.876	1
27.0048	144.18	1
18.042	39.249	15
118.9608	305.982	1
27.0048	60.876	1
91.0248	378.873	1
47.9568	107.334	2
3.9576	280.35	1
28.0524	44.856	1
11.9892	136.971	1
33.9888	221.076	1
30.9624	161.802	1
28.9836	72.09	1
18.042	84.105	1
40.9728	75.294	1
96.9612	144.18	1
23.0472	59.274	4
20.952	89.712	1
6.984	44.055	6
1.9788	425.331	1
11.9892	60.075	5
10.0104	64.08	2
37.9464	113.742	2
60.9936	128.16	1
37.0152	68.886	1
57.9672	108.135	1
16.9944	65.682	3
25.9572	48.861	3
6.984	201.852	1
172.9704	1987.281	1
30.0312	124.155	1
33.0576	285.957	1
43.9992	96.12	1
3.0264	131.364	2
1.0476	252.315	2
23.0472	64.08	1
28.0524	93.717	2
1.0476	104.931	5
6.0528	113.742	1
8.9628	55.269	3
1.9788	51.264	7
32.01	212.265	1
57.036	164.205	1
11.9892	21.627	7
11.058	17.622	18
49.0044	128.961	1
42.0204	155.394	1
45.0468	85.707	1
89.9772	865.881	1
64.02	233.091	1
1.0476	28.836	36
20.0208	3216.015	1
23.0472	101.727	1
162.96	1309.635	1
25.9572	93.717	2
18.9732	140.976	1
37.0152	131.364	1
77.988	193.842	1
1.0476	95.319	4
33.9888	192.24	2
35.9676	188.235	1
15.0156	104.931	2
18.9732	52.065	1
35.0364	57.672	1
50.052	795.393	1
30.9624	96.921	1
115.0032	1408.959	1
25.026	24.831	2
71.004	79.299	1
33.0576	92.115	1
28.9836	103.329	2
45.0468	230.688	1
1.0476	32.841	27
3.9576	37.647	13
64.9512	174.618	1
49.0044	112.14	1
65.9988	273.942	1
28.9836	32.841	3
1.0476	699.273	1
98.0088	285.957	1
35.9676	72.891	1
1.0476	76.896	4
30.0312	119.349	2
25.026	55.269	2
35.9676	176.22	2
16.9944	20.025	4
35.0364	92.916	1
52.0308	205.857	1
40.0416	89.712	1
15.9468	40.05	5
8.0316	67.284	3
45.0468	71.289	1
20.0208	48.06	7
5.0052	55.269	2
15.9468	156.195	1
23.0472	56.871	2
42.0204	274.743	1
260.0376	749.736	1
28.0524	32.841	1
57.036	213.066	1
37.0152	100.926	1
16.9944	104.13	2
18.042	68.085	1
40.0416	222.678	1
62.9724	133.767	1
18.042	81.702	3
40.0416	101.727	1
23.0472	108.936	3
55.9884	151.389	1
28.0524	123.354	1
35.0364	153.792	1
187.0548	437.346	1
30.9624	113.742	1
11.058	36.846	14
62.9724	312.39	1
55.0572	314.793	1
40.9728	345.231	1
32.01	343.629	1
8.9628	8.811	41
13.968	27.234	8
1.9788	53.667	6
30.0312	217.071	1
3.0264	228.285	1
55.0572	198.648	1
49.0044	168.21	1
33.9888	76.095	1
1.0476	56.871	5
71.004	169.011	1
18.9732	57.672	2
37.9464	68.085	1
37.0152	133.767	1
3.0264	72.09	1
89.9772	370.062	2
20.952	165.807	1
16.9944	68.085	2
35.0364	79.299	2
21.9996	40.05	1
59.0148	214.668	1
18.042	68.886	1
15.9468	67.284	6
45.0468	257.922	1
69.0252	375.669	1
45.0468	160.2	1
15.9468	44.856	11
30.9624	97.722	2
3.9576	24.03	37
28.9836	67.284	2
18.042	51.264	7
152.0184	712.89	1
10.0104	11.214	22
37.0152	68.085	1
13.968	127.359	1
30.9624	111.339	1
38.994	113.742	1
1.9788	176.22	1
11.9892	190.638	1
57.036	281.151	1
57.9672	474.192	2
50.052	136.971	2
6.984	221.877	1
33.0576	51.264	2
20.0208	97.722	1
50.052	56.07	1
42.0204	104.13	1
33.9888	76.896	1
1.0476	55.269	5
13.968	32.04	10
1.9788	69.687	8
1.9788	743.328	1
15.9468	161.001	1
23.9784	49.662	3
33.0576	3007.755	1
10.0104	77.697	1
16.9944	68.886	6
11.058	89.712	1
16.9944	36.045	5
1.0476	99.324	1
54.0096	152.991	1
1.9788	71.289	4
20.0208	71.289	3
20.0208	89.712	1
11.058	85.707	1
6.0528	40.05	9
50.052	141.777	1
82.9932	591.939	1
30.9624	68.085	4
27.0048	45.657	3
49.0044	193.041	1
35.9676	132.966	1
8.9628	37.647	14
33.0576	478.998	1
279.942	1384.929	1
27.0048	76.896	3
35.0364	117.747	1
55.0572	176.22	1
3.0264	68.886	1
25.9572	136.17	1
8.9628	281.952	1
27.0048	152.19	1
28.9836	152.19	1
30.0312	92.916	1
13.968	149.787	1
21.9996	120.951	2
20.952	79.299	2
76.0092	600.75	1
42.0204	246.708	2
255.0324	1734.165	1
35.0364	186.633	1
10.0104	12.816	19
52.0308	149.787	1
13.0368	72.891	2
32.01	59.274	1
32.01	169.812	1
28.9836	117.747	1
11.058	51.264	5
8.9628	39.249	10
89.9772	226.683	1
37.9464	185.832	1
47.0256	149.787	1
47.9568	104.13	1
25.026	43.254	1
25.9572	37.647	2
15.0156	188.235	1
82.9932	333.216	1
6.984	76.095	1
40.0416	157.797	1
25.026	148.986	1
11.058	20.025	18
62.0412	99.324	1
49.0044	349.236	1
84.972	189.036	1
3.0264	101.727	1
11.058	12.816	14
43.9992	87.309	1
30.0312	182.628	1
37.0152	170.613	2
32.01	111.339	1
1.9788	204.255	1
20.952	116.946	1
96.03	940.374	1
28.9836	88.11	2
43.9992	112.941	1
20.0208	87.309	1
30.9624	136.971	1
49.0044	116.946	2
13.0368	16.02	16
15.9468	79.299	2
16.9944	88.11	2
30.9624	160.2	2
21.9996	68.085	1
67.9776	168.21	1
15.0156	24.831	6
8.9628	11.214	23
10.0104	442.953	1
28.9836	204.255	1
8.0316	68.085	3
20.0208	59.274	6
37.9464	149.787	1
5.0052	176.22	1
135.9552	2000.898	1
35.0364	116.946	1
3.9576	64.881	1
6.0528	29.637	20
15.9468	210.663	1
30.9624	56.871	1
33.0576	52.065	1
5.0052	72.09	2
15.0156	43.254	10
52.962	132.165	1
1.0476	159.399	1
11.9892	89.712	1
62.0412	189.036	2
20.952	23.229	1
72.0516	73.692	1
1.0476	117.747	3
59.0148	273.942	1
33.0576	80.901	3
30.0312	123.354	1
1.0476	109.737	4
32.01	161.802	1
167.034	873.09	1
30.9624	140.175	1
18.9732	65.682	3
25.9572	116.946	1
15.0156	56.871	6
50.9832	280.35	1
42.0204	92.916	1
40.9728	144.981	1
20.0208	80.901	1
28.9836	139.374	1
20.0208	36.846	5
27.0048	44.856	3
1.0476	76.095	9
64.02	397.296	1
52.962	123.354	1
18.042	591.138	1
28.9836	81.702	1
8.0316	85.707	1
11.9892	55.269	8
8.9628	12.816	21
30.9624	161.001	1
98.0088	165.807	1
18.042	44.856	8
3.0264	47.259	3
50.052	67.284	1
40.0416	136.971	1
27.0048	104.931	1
67.0464	881.901	1
42.0204	43.254	1
79.9668	1589.184	1
1.9788	140.976	1
11.9892	52.866	8
21.9996	44.055	3
15.0156	59.274	3
6.984	185.031	2
1.0476	193.041	1
3.9576	579.123	1
101.9664	224.28	1
8.0316	32.04	18
37.0152	145.782	2
30.9624	148.185	1
6.0528	47.259	5
28.9836	160.2	1
45.978	65.682	1
3.9576	84.105	2
108.0192	131.364	1
40.9728	68.085	1
32.01	92.115	2
20.0208	60.075	7
35.9676	45.657	1
52.0308	378.873	1
6.984	60.876	4
33.0576	241.101	1
33.0576	56.871	1
77.0568	186.633	1
40.9728	51.264	1
15.0156	72.891	1
512.0436	6797.286	1
1.9788	39.249	11
37.9464	242.703	1
10.0104	63.279	6
18.042	40.851	8
5.0052	44.055	4
1.0476	91.314	3
28.0524	63.279	3
150.0396	712.089	1
13.0368	52.866	6
13.968	92.115	2
3.0264	89.712	1
1.0476	93.717	5
49.0044	197.046	1
20.952	155.394	1
49.0044	84.906	1
13.968	37.647	7
55.0572	177.021	1
16.9944	116.946	1
30.9624	182.628	1
6.984	246.708	1
18.9732	32.04	2
33.0576	190.638	1
60.9936	245.907	1
143.9868	631.989	1
23.9784	32.04	1
6.984	16.02	63
20.952	52.866	5
3.0264	49.662	4
5.0052	12.816	131
16.9944	77.697	7
20.0208	92.115	1
25.9572	103.329	2
1.9788	119.349	1
28.0524	141.777	1
16.9944	228.285	1
3.9576	49.662	3
412.9872	5108.778	1
87.9984	362.052	1
42.9516	123.354	1
1.9788	11.214	235
47.9568	112.14	2
11.058	402.903	1
5.0052	20.025	88
52.962	144.981	1
42.0204	165.006	1
1.0476	539.073	2
40.9728	205.857	1
6.0528	65.682	2
11.9892	67.284	4
52.0308	140.976	1
60.9936	245.106	1
6.0528	31.239	16
5.0052	40.851	9
35.0364	69.687	1
3.0264	23.229	33
1.0476	306.783	1
59.0148	128.16	1
3.9576	31.239	13
27.0048	57.672	3
16.9944	120.951	1
28.0524	32.04	1
3.0264	454.167	1
30.0312	161.001	1
1.9788	121.752	1
21.9996	63.279	6
30.0312	76.896	2
10.0104	24.03	31
1.9788	32.841	18
43.9992	398.898	1
67.0464	556.695	1
20.0208	136.971	1
199.9752	1842.3	1
6.0528	33.642	11
20.952	129.762	1
20.0208	80.1	5
49.0044	108.936	1
16.9944	63.279	3
6.984	12.816	62
32.01	96.12	3
6.0528	57.672	4
40.0416	81.702	2
8.9628	128.16	1
3.9576	19.224	65
67.9776	189.036	2
50.9832	216.27	1
20.952	67.284	4
67.9776	619.173	1
40.9728	44.055	1
108.0192	556.695	1
13.0368	20.025	10
42.9516	176.22	1
50.052	249.111	1
10.0104	28.836	24
21.9996	24.831	2
20.0208	48.861	3
23.0472	143.379	1
138.9816	205.056	1
65.9988	515.844	1
5.0052	8.01	129
67.0464	258.723	1
38.994	520.65	1
33.9888	64.08	1
49.0044	213.867	1
28.9836	119.349	1
23.0472	56.07	3
25.9572	156.195	1
81.9456	346.032	1
11.058	48.861	7
43.9992	129.762	1
25.9572	53.667	1
120.0084	645.606	1
1.0476	387.684	1
20.0208	144.981	1
1.0476	406.908	1
62.9724	173.016	1
10.0104	32.841	20
23.9784	61.677	2
30.0312	64.881	1
45.978	536.67	1
21.9996	65.682	2
191.0124	499.824	1
67.0464	120.15	1
82.9932	120.15	1
40.0416	84.906	1
5.0052	24.831	35
62.0412	64.08	1
11.9892	72.09	3
59.946	197.046	1
113.0244	339.624	1
72.0516	406.908	1
11.9892	56.871	6
3.0264	104.931	1
1.9788	55.269	2
1.0476	65.682	10
1.0476	222.678	2
6.0528	190.638	1
25.9572	79.299	1
30.9624	69.687	1
150.9708	477.396	1
33.9888	100.926	1
1.0476	214.668	2
76.0092	953.19	1
15.9468	93.717	1
3.0264	77.697	2
20.0208	96.12	1
11.058	83.304	1
15.0156	93.717	2
40.0416	40.05	1
1.9788	21.627	55
6.984	76.896	1
25.9572	83.304	1
16.9944	23.229	2
16.9944	29.637	4
35.0364	174.618	1
54.0096	103.329	1
6.984	80.1	2
10.0104	84.105	1
18.042	33.642	4
20.952	95.319	2
32.01	68.886	2
42.9516	140.976	1
28.0524	165.807	1
28.0524	225.081	1
89.9772	297.171	1
15.9468	59.274	7
35.0364	81.702	1
59.0148	250.713	1
40.9728	177.021	1
42.9516	148.986	1
28.0524	72.891	1
159.0024	966.807	1
20.0208	45.657	3
6.984	81.702	1
10.0104	56.871	5
13.968	189.036	1
15.0156	67.284	1
35.0364	125.757	3
6.984	466.182	1
52.0308	240.3	1
5.0052	17.622	79
1.9788	88.911	1
23.0472	81.702	3
35.0364	96.12	3
20.0208	72.891	2
15.0156	71.289	5
28.0524	92.115	2
5.0052	148.185	2
55.0572	575.118	1
1.0476	92.916	1
1.0476	44.055	16
45.0468	68.886	1
43.9992	136.971	1
15.9468	56.871	4
87.9984	338.823	1
23.9784	45.657	2
30.9624	266.733	1
84.0408	136.17	1
42.9516	190.638	1
43.9992	121.752	1
25.9572	91.314	1
20.952	64.881	2
13.0368	85.707	3
23.0472	40.851	2
37.9464	214.668	1
1.9788	60.876	3
10.0104	55.269	5
30.0312	100.926	2
57.036	405.306	1
18.042	31.239	7
25.026	57.672	2
20.0208	41.652	3
135.024	765.756	1
8.9628	57.672	2
30.0312	73.692	3
1.0476	51.264	26
473.0496	7282.692	1
38.994	95.319	1
32.01	107.334	1
33.9888	204.255	1
5.0052	140.976	1
33.9888	149.787	1
126.9924	865.08	1
52.962	212.265	1
10.0104	119.349	1
32.01	52.065	2
104.9928	218.673	1
35.9676	121.752	1
10.0104	139.374	1
23.9784	93.717	1
35.9676	157.797	1
23.9784	84.105	2
45.0468	189.036	1
103.014	189.837	1
123.966	744.93	1
1.9788	64.881	1
1.9788	151.389	1
15.0156	15.219	10
50.052	109.737	1
3.0264	61.677	3
8.9628	33.642	19
45.0468	245.907	1
3.0264	124.155	1
130.95	399.699	1
47.9568	285.957	1
11.058	76.896	3
45.978	75.294	1
35.0364	101.727	1
27.0048	68.085	2
40.9728	153.792	1
54.0096	212.265	1
11.9892	83.304	2
15.0156	68.886	2
8.9628	124.155	1
21.9996	105.732	3
25.026	3151.935	1
50.052	117.747	1
3.0264	39.249	14
23.0472	43.254	2
11.058	60.075	2
13.0368	32.04	13
104.9928	152.19	1
30.0312	39.249	1
3.0264	3.204	676
8.9628	61.677	1
18.9732	37.647	3
20.952	64.08	4
93.0036	651.213	1
32.01	81.702	2
59.0148	245.907	1
25.9572	226.683	1
60.9936	338.823	1
35.9676	40.05	2
59.946	75.294	1
50.9832	169.011	1
11.058	132.165	1
59.0148	280.35	1
8.9628	29.637	23
40.9728	43.254	1
8.0316	161.001	1
33.0576	108.135	2
23.0472	71.289	1
6.0528	53.667	8
57.9672	92.916	1
11.9892	41.652	13
69.0252	329.211	1
57.9672	152.991	1
35.9676	80.1	1
6.0528	24.03	45
18.042	104.931	2
25.9572	190.638	1
45.978	103.329	1
35.0364	100.125	3
52.962	60.075	1
21.9996	60.075	4
30.0312	190.638	1
1.9788	81.702	2
6.984	36.045	20
33.0576	35.244	1
30.9624	33.642	1
3.9576	72.09	1
3.9576	47.259	8
27.0048	124.155	1
13.968	56.871	1
3.0264	57.672	4
25.026	53.667	2
59.946	226.683	1
35.9676	39.249	1
60.9936	60.876	1
11.058	67.284	4
30.0312	76.095	1
47.0256	137.772	1
13.968	40.05	13
37.9464	136.971	1
1.9788	277.947	1
174.9492	824.229	1
1.9788	80.901	5
35.9676	165.006	1
52.962	161.001	1
238.038	1742.175	1
8.0316	24.831	45
18.042	96.12	1
20.0208	81.702	3
55.0572	193.041	2
35.9676	136.971	1
60.9936	234.693	1
8.9628	80.901	2
52.0308	397.296	1
8.9628	418.122	1
35.0364	52.065	1
18.042	125.757	1
27.0048	99.324	1
13.0368	36.045	17
1.0476	112.941	2
3.0264	177.021	1
20.952	61.677	1
64.9512	139.374	1
104.9928	323.604	1
42.0204	100.926	1
42.9516	100.125	4
5.0052	61.677	6
116.982	359.649	1
33.0576	214.668	1
10.0104	72.09	4
42.9516	218.673	2
13.968	136.971	1
45.978	148.185	1
10.0104	76.095	2
33.9888	514.242	1
118.0296	269.937	1
10.0104	36.846	16
8.0316	8.811	28
1.9788	249.111	1
67.0464	188.235	1
8.9628	52.065	6
74.0304	747.333	1
23.0472	120.951	1
1.9788	8.01	698
28.9836	92.115	1
20.952	32.841	4
15.9468	140.175	1
27.0048	60.075	1
13.0368	44.856	5
74.9616	528.66	1
5.0052	44.856	7
25.9572	57.672	1
1.9788	443.754	1
25.9572	88.11	3
101.9664	653.616	1
8.9628	72.09	1
40.0416	335.619	1
57.9672	132.165	1
8.9628	68.886	1
8.0316	224.28	10
5.0052	21.627	56
240.0168	737.721	1
52.962	172.215	1
37.9464	103.329	2
33.9888	174.618	1
6.0528	41.652	7
30.9624	108.936	2
25.026	28.035	3
8.0316	45.657	3
309.042	2959.695	1
223.9536	639.999	1
106.9716	856.269	1
11.9892	111.339	1
91.0248	233.892	1
11.9892	72.891	4
8.0316	41.652	8
8.9628	135.369	1
3.0264	68.085	1
18.042	109.737	1
98.0088	305.181	1
11.9892	127.359	1
13.968	52.065	6
33.9888	120.15	2
1.0476	53.667	8
1.0476	216.27	1
40.9728	72.891	1
18.042	43.254	6
11.058	40.05	15
54.0096	155.394	1
3.0264	257.121	1
35.0364	53.667	1
74.9616	780.174	1
6.984	57.672	5
13.0368	47.259	5
42.0204	104.931	1
5.0052	79.299	2
40.9728	143.379	1
103.014	414.918	1
21.9996	43.254	4
13.968	189.837	1
37.0152	280.35	1
40.9728	258.723	1
72.9828	273.942	1
71.004	112.941	1
81.9456	289.962	1
11.058	140.175	1
37.0152	83.304	2
20.0208	68.085	7
25.9572	56.871	3
15.9468	201.852	1
33.9888	124.956	1
35.0364	115.344	1
179.9544	1782.225	1
145.9656	2150.685	1
15.9468	56.07	3
35.0364	159.399	1
11.9892	101.727	2
25.026	33.642	2
38.994	447.759	1
42.9516	205.056	1
1.0476	305.982	2
11.9892	256.32	1
1.0476	377.271	1
1.9788	35.244	16
59.946	826.632	1
28.9836	64.881	3
11.9892	16.02	2
30.0312	177.021	1
6.984	136.971	1
1.0476	49.662	4
40.0416	165.006	1
21.9996	27.234	2
1.9788	77.697	2
35.0364	92.115	1
33.0576	314.793	1
5.0052	35.244	7
40.0416	225.081	1
62.0412	225.882	1
18.9732	143.379	1
33.0576	47.259	2
30.0312	140.976	1
25.9572	44.856	1
1.0476	61.677	9
23.9784	127.359	1
28.9836	127.359	1
18.042	108.936	3
1.0476	153.792	2
1.0476	240.3	2
18.9732	3232.035	1
18.042	49.662	5
33.9888	56.07	1
10.0104	140.175	1
32.01	161.001	1
341.9832	1023.678	1
1.0476	81.702	7
47.0256	93.717	2
50.052	92.916	2
94.9824	741.726	1
27.0048	68.886	1
18.9732	152.19	1
20.952	41.652	3
23.9784	89.712	1
64.02	221.877	1
11.058	24.831	21
15.0156	68.085	4
1.0476	105.732	2
18.042	93.717	2
174.018	1098.171	1
28.9836	88.911	1
18.9732	76.095	4
10.0104	27.234	25
1.0476	75.294	2
49.0044	244.305	2
71.004	91.314	1
33.0576	193.041	1
33.0576	61.677	1
55.9884	113.742	1
1.9788	91.314	2
16.9944	327.609	1
3.9576	52.866	2
64.9512	342.828	1
30.0312	67.284	1
13.968	73.692	1
16.9944	64.08	1
37.9464	128.16	1
60.9936	387.684	1
20.0208	111.339	2
8.9628	748.935	1
42.0204	129.762	1
42.0204	141.777	1
27.0048	178.623	1
60.9936	95.319	1
1.9788	132.165	2
20.952	96.12	1
42.9516	700.875	1
20.952	132.165	1
15.0156	87.309	3
292.0476	7795.332	1
1.9788	31.239	13
1.0476	43.254	13
33.9888	194.643	1
6.0528	52.065	9
23.0472	67.284	4
52.0308	103.329	1
37.9464	88.11	2
10.0104	65.682	3
16.9944	56.871	6
35.9676	278.748	1
64.02	128.961	1
59.0148	266.733	1
89.9772	649.611	1
33.9888	57.672	1
1.9788	156.996	1
18.9732	76.896	2
-1e-07	-1e-07	1
33.9888	115.344	1
52.0308	173.016	1
47.9568	245.907	1
15.0156	152.19	1
37.0152	100.125	1
40.0416	257.121	1
10.0104	79.299	1
25.026	97.722	3
45.978	216.27	1
20.0208	44.856	4
1.9788	226.683	1
3.0264	28.035	23
21.9996	52.866	4
8.0316	40.851	11
3.0264	172.215	1
77.988	306.783	1
16.9944	60.876	8
20.952	59.274	3
11.9892	115.344	1
50.9832	121.752	1
47.9568	178.623	1
72.0516	305.181	1
8.0316	144.18	1
52.962	81.702	1
40.9728	108.135	1
74.0304	205.056	1
35.0364	190.638	1
20.952	101.727	1
5.0052	85.707	2
37.0152	72.891	1
3.0264	91.314	3
23.9784	172.215	2
23.0472	88.11	2
30.0312	92.115	3
32.01	71.289	1
113.0244	1022.877	1
35.0364	93.717	3
37.0152	213.066	2
37.9464	104.13	1
11.058	48.06	10
20.0208	202.653	1
33.0576	60.876	1
8.0316	112.941	1
10.0104	44.055	14
40.9728	121.752	2
23.9784	64.08	4
25.9572	55.269	5
15.0156	385.281	1
15.0156	23.229	6
11.058	16.02	14
5.0052	93.717	1
13.0368	31.239	21
40.9728	205.056	1
67.9776	230.688	1
38.994	60.075	1
72.0516	305.982	1
25.026	52.065	1
23.9784	220.275	1
11.9892	52.065	11
16.9944	52.065	5
23.9784	132.165	1
45.0468	225.081	1
27.0048	135.369	1
20.952	73.692	5
43.9992	405.306	1
106.9716	796.995	1
55.0572	75.294	1
15.0156	91.314	1
20.952	20.826	2
10.0104	51.264	6
1.9788	37.647	8
38.994	147.384	2
6.984	25.632	41
15.0156	109.737	1
1.0476	107.334	1
13.0368	25.632	10
3.0264	81.702	1
40.9728	289.962	1
8.9628	89.712	1
33.9888	39.249	1
25.026	76.896	3
25.9572	68.886	3
10.0104	9.612	34
1.9788	256.32	1
18.9732	123.354	2
27.0048	113.742	2
1.0476	165.807	2
10.0104	936.369	1
15.0156	25.632	6
45.0468	136.17	1
33.0576	224.28	1
18.9732	51.264	3
23.0472	164.205	1
47.9568	180.225	1
5.0052	736.92	1
27.0048	124.956	1
33.9888	152.991	1
47.0256	96.921	1
33.9888	193.041	1
16.9944	132.966	1
35.0364	172.215	1
15.0156	101.727	1
18.9732	29.637	5
15.9468	20.025	8
11.058	37.647	15
27.0048	198.648	1
28.0524	115.344	1
62.0412	241.902	1
33.0576	88.911	1
30.0312	44.856	2
27.0048	107.334	1
3.0264	147.384	2
201.0228	1481.85	1
28.9836	48.861	1
35.0364	36.045	3
25.026	112.941	3
30.9624	140.976	1
25.9572	68.085	1
42.0204	222.678	1
1.9788	128.16	1
1.0476	5.607	1816
28.0524	128.961	1
32.01	48.06	1
15.9468	100.125	1
3.0264	60.876	1
59.946	276.345	1
47.0256	71.289	1
162.96	415.719	1
13.968	28.035	9
32.01	85.707	3
86.0196	310.788	1
38.994	76.095	1
25.9572	92.916	1
13.968	33.642	12
45.978	149.787	1
25.9572	95.319	1
13.968	104.931	1
16.9944	83.304	2
115.0032	261.126	1
1.9788	280.35	3
3.9576	20.826	35
25.9572	32.841	1
71.004	123.354	1
37.0152	105.732	1
54.0096	381.276	1
3.0264	45.657	10
5.0052	47.259	7
43.9992	274.743	1
11.9892	105.732	1
1.0476	84.105	1
55.9884	57.672	1
15.0156	97.722	1
54.0096	282.753	2
55.9884	147.384	1
18.042	60.075	5
331.9728	4531.257	1
1.0476	1136.619	1
38.994	51.264	2
3.9576	2398.194	1
32.01	92.916	2
71.004	87.309	1
18.042	156.195	1
47.0256	60.876	1
13.0368	120.951	1
6.984	390.888	1
62.9724	226.683	1
111.0456	463.779	1
6.984	60.075	2
15.9468	32.04	13
167.034	1380.924	1
13.968	104.13	1
23.9784	80.901	1
20.0208	85.707	2
38.994	145.782	1
55.0572	342.027	1
6.984	32.04	18
23.9784	95.319	4
20.0208	40.05	2
23.9784	60.075	2
62.0412	273.942	1
43.9992	371.664	1
15.0156	21.627	9
11.9892	20.025	12
8.0316	76.095	1
23.9784	43.254	1
76.0092	270.738	1
18.042	103.329	3
28.0524	61.677	1
101.0352	342.027	1
3.9576	45.657	7
20.952	84.105	1
47.0256	197.046	1
10.0104	25.632	28
37.9464	152.991	1
1.9788	317.196	1
49.0044	318.798	1
25.026	60.075	1
35.9676	250.713	1
1.9788	212.265	1
277.032	337.221	1
23.0472	88.911	2
263.9952	4114.737	1
20.0208	92.916	4
28.0524	112.941	4
27.0048	65.682	3
57.036	104.13	1
8.9628	12.015	29
37.9464	53.667	2
15.0156	52.866	12
6.0528	25.632	37
1.0476	160.2	1
5.0052	140.175	1
101.0352	237.096	1
74.0304	386.883	1
35.9676	174.618	1
52.0308	181.827	1
23.9784	117.747	1
67.9776	162.603	1
35.0364	181.026	2
15.0156	96.921	1
3.0264	37.647	7
11.058	157.797	1
23.9784	88.11	1
25.9572	61.677	2
42.9516	136.971	1
20.952	21.627	3
1.0476	48.861	17
33.0576	100.125	2
59.0148	210.663	1
11.9892	79.299	9
71.004	286.758	1
11.058	28.836	23
13.0368	48.861	6
15.9468	52.065	9
11.058	20.826	24
20.0208	69.687	2
23.9784	169.011	1
6.0528	8.01	73
23.9784	83.304	1
50.9832	1033.29	1
91.0248	821.826	1
25.9572	120.15	1
11.058	120.951	1
82.9932	216.27	1
67.9776	209.862	1
27.0048	104.13	2
6.984	44.856	12
28.9836	112.14	2
3.9576	238.698	1
5.0052	112.14	2
1.9788	12.015	242
6.0528	88.911	2
89.046	627.984	1
11.9892	107.334	1
64.9512	644.004	1
15.9468	103.329	2
20.0208	52.866	2
128.04	837.846	1
6.984	55.269	4
23.0472	53.667	1
16.9944	104.931	1
27.0048	80.901	3
33.9888	55.269	1
47.0256	104.931	1
1.9788	136.17	3
18.042	87.309	2
13.968	23.229	7
18.042	53.667	2
25.9572	173.016	1
35.9676	217.872	1
8.0316	12.816	47
6.984	8.811	32
25.9572	100.926	1
1.0476	44.856	13
15.0156	131.364	1
6.984	63.279	3
45.978	151.389	1
3.0264	92.916	2
43.9992	197.046	1
15.9468	510.237	1
1.0476	236.295	1
47.0256	273.141	1
15.0156	88.911	2
113.9556	571.113	1
69.0252	398.898	1
111.9768	172.215	1
8.9628	261.927	1
27.0048	51.264	1
37.0152	120.951	1
25.026	31.239	1
1.9788	72.891	1
3.9576	139.374	2
18.9732	64.08	3
18.042	88.11	2
25.026	76.095	2
15.0156	113.742	1
8.0316	115.344	1
79.0356	1054.116	1
37.0152	44.055	2
40.0416	242.703	1
28.9836	156.195	1
1.9788	68.886	2
40.9728	170.613	1
5.0052	13.617	125
8.9628	117.747	2
45.0468	72.891	1
23.0472	75.294	2
30.0312	48.06	2
20.0208	44.055	8
3.0264	73.692	2
15.0156	148.185	1
21.9996	44.856	7
35.0364	84.906	1
28.0524	84.906	1
30.0312	60.075	3
21.9996	92.916	3
27.0048	33.642	1
199.044	1388.133	1
5.0052	186.633	1
334.9992	822.627	1
16.9944	165.006	1
45.978	156.996	1
6.0528	121.752	2
1.0476	87.309	5
6.0528	93.717	1
67.9776	161.001	1
6.0528	71.289	2
28.0524	85.707	1
20.952	57.672	3
118.9608	676.845	1
40.9728	281.952	1
42.0204	214.668	1
28.9836	92.916	2
8.0316	125.757	1
23.0472	132.966	1
3.0264	611.163	1
1.9788	68.085	3
52.962	257.121	1
23.0472	39.249	2
49.0044	177.021	1
40.9728	100.125	2
25.9572	63.279	1
69.0252	160.2	1
18.9732	96.921	4
72.9828	258.723	1
15.9468	35.244	7
64.9512	320.4	1
18.042	64.881	3
10.0104	59.274	2
27.0048	137.772	1
3.0264	136.971	1
71.004	337.221	1
59.946	323.604	1
1.9788	40.851	9
45.0468	229.086	1
20.0208	43.254	2
177.9756	1287.207	1
35.0364	156.996	1
55.0572	206.658	1
23.9784	55.269	6
235.0116	1440.198	1
18.042	89.712	2
21.9996	47.259	1
3.0264	330.012	1
20.952	81.702	2
23.0472	117.747	1
135.024	836.244	1
23.9784	73.692	1
20.0208	164.205	1
21.9996	149.787	1
55.9884	193.842	1
11.058	63.279	1
10.0104	37.647	13
30.0312	100.125	2
52.0308	181.026	1
3.0264	32.841	19
11.058	128.16	1
45.978	345.231	1
35.0364	43.254	2
91.956	213.867	1
43.9992	205.857	1
54.0096	72.891	1
1.9788	15.219	95
1.0476	15.219	151
11.9892	29.637	10
15.9468	603.954	1
1.0476	48.06	6
52.0308	257.121	1
1.0476	124.155	2
18.9732	61.677	5
33.0576	188.235	1
99.9876	744.93	1
118.0296	1006.857	1
25.9572	212.265	1
6.984	238.698	1
30.9624	76.896	1
45.0468	52.065	1
6.0528	32.04	20
18.9732	48.06	2
11.9892	35.244	8
8.9628	80.1	1
40.0416	296.37	1
5.0052	104.13	1
40.9728	109.737	2
47.9568	144.981	1
28.0524	240.3	1
15.0156	84.105	2
40.0416	217.872	1
13.0368	63.279	3
103.9452	528.66	1
45.978	264.33	1
6.984	31.239	23
10.0104	100.125	1
18.9732	789.786	1
1.9788	314.793	1
79.9668	1007.658	1
23.9784	48.06	1
50.052	166.608	1
27.0048	53.667	2
49.0044	144.18	1
13.0368	101.727	1
20.952	269.136	1
6.0528	197.847	1
15.9468	20.826	5
43.9992	75.294	1
33.9888	121.752	1
18.042	56.07	4
3.0264	13.617	163
5.0052	73.692	2
11.058	61.677	3
37.9464	285.957	1
21.9996	96.921	2
38.994	39.249	2
18.9732	75.294	4
40.9728	95.319	1
59.0148	83.304	1
45.978	88.11	1
170.9916	1138.221	1
1.9788	192.24	1
13.0368	24.831	10
37.0152	65.682	1
1.9788	355.644	1
18.9732	52.866	7
35.0364	289.962	1
8.9628	56.07	5
43.9992	140.976	1
8.0316	56.07	3
30.9624	75.294	2
11.058	23.229	24
43.9992	44.856	1
18.9732	83.304	2
30.0312	36.045	2
1.0476	84.906	3
49.0044	285.156	1
5.0052	103.329	1
65.9988	84.105	1
76.0092	519.048	1
6.0528	45.657	8
45.978	213.867	1
30.0312	95.319	1
32.01	113.742	2
1.9788	20.826	40
15.9468	96.921	1
152.0184	2061.774	1
3.0264	9.612	300
69.9564	377.271	1
18.042	153.792	1
25.9572	29.637	2
60.9936	178.623	1
49.0044	77.697	1
21.9996	25.632	1
18.9732	59.274	5
13.0368	52.065	9
55.9884	292.365	1
18.042	96.921	1
10.0104	68.085	4
18.042	37.647	8
20.952	65.682	3
27.0048	88.911	3
59.0148	221.076	1
28.9836	64.08	1
11.9892	68.886	7
16.9944	117.747	1
13.968	25.632	9
1.0476	60.876	7
16.9944	85.707	1
5.0052	16.821	91
25.9572	47.259	2
6.0528	148.986	1
45.0468	159.399	2
15.0156	24.03	5
18.9732	104.931	1
5.0052	60.876	1
77.0568	226.683	1
126.9924	820.224	1
94.9824	699.273	1
18.042	24.831	3
116.0508	353.241	1
3.0264	293.166	1
28.9836	59.274	1
6.984	101.727	1
221.9748	693.666	1
5.0052	49.662	8
1.9788	67.284	3
101.0352	502.227	1
1.9788	44.856	7
1.0476	57.672	15
23.0472	116.946	3
25.9572	140.175	1
20.0208	40.851	3
32.01	116.145	1
13.0368	35.244	10
13.0368	61.677	6
47.9568	68.085	1
15.0156	535.869	1
28.0524	131.364	1
18.9732	96.12	1
1.0476	12.015	325
3.0264	93.717	1
3.9576	41.652	7
28.9836	80.1	2
20.952	141.777	1
28.9836	71.289	2
13.0368	108.135	6
16.9944	32.04	11
18.042	57.672	1
20.952	87.309	2
27.0048	52.065	2
27.0048	64.881	3
47.9568	136.971	1
3.0264	197.046	1
32.01	101.727	1
16.9944	48.06	4
13.968	112.14	1
42.0204	103.329	1
38.994	185.832	1
32.01	141.777	1
11.9892	156.996	1
23.0472	109.737	3
1.9788	80.1	2
11.9892	40.851	12
25.026	37.647	2
16.9944	49.662	11
28.0524	177.822	1
5.0052	76.896	2
13.0368	17.622	7
1.9788	135.369	1
18.9732	92.916	4
15.0156	63.279	5
37.9464	302.778	1
118.0296	358.047	1
60.9936	700.074	1
13.0368	80.901	2
47.9568	89.712	1
30.0312	43.254	1
77.0568	998.847	1
6.984	48.06	5
59.0148	121.752	1
18.9732	168.21	1
27.0048	262.728	1
33.9888	36.045	1
15.9468	25.632	3
3.9576	52.065	8
50.9832	68.085	1
35.0364	144.18	2
27.0048	61.677	2
8.9628	23.229	30
23.9784	120.951	3
13.0368	81.702	2
69.9564	181.026	1
42.0204	168.21	1
43.9992	346.032	1
38.994	116.946	2
3.9576	77.697	1
25.9572	208.26	1
23.9784	28.836	3
37.0152	89.712	1
59.0148	132.165	1
181.002	599.949	1
42.0204	260.325	1
21.9996	155.394	1
28.0524	51.264	2
27.0048	56.871	3
15.9468	27.234	6
84.0408	169.812	1
32.01	100.926	1
30.9624	40.05	1
27.0048	44.055	1
6.0528	125.757	1
77.988	120.15	1
13.0368	57.672	8
11.9892	45.657	9
28.0524	144.981	1
1.0476	27.234	62
248.9796	539.073	1
11.058	53.667	7
8.0316	64.881	1
1.0476	717.696	1
50.9832	270.738	1
18.042	76.896	4
37.0152	125.757	1
28.0524	213.066	1
35.9676	217.071	1
35.9676	274.743	1
47.9568	95.319	1
1.9788	252.315	1
6.984	56.871	3
64.9512	136.17	1
28.0524	88.911	1
37.0152	229.887	1
1.9788	79.299	3
23.0472	159.399	1
54.0096	181.026	1
11.9892	100.926	2
8.9628	194.643	1
8.9628	32.841	24
43.9992	201.852	1
42.0204	113.742	1
30.9624	76.095	4
64.02	119.349	1
54.0096	112.14	1
33.9888	87.309	2
20.952	127.359	4
6.984	51.264	1
18.9732	351.639	1
23.9784	67.284	2
71.004	145.782	1
11.9892	116.145	1
23.0472	170.613	1
8.0316	36.045	19
23.0472	28.836	2
38.994	116.145	1
33.9888	145.782	1
37.9464	393.291	1
8.9628	103.329	2
1.0476	13.617	240
21.9996	202.653	1
18.9732	169.812	1
21.9996	49.662	1
23.0472	63.279	4
45.978	270.738	1
64.02	209.061	1
6.0528	145.782	1
25.026	96.12	2
30.0312	148.986	1
20.952	152.991	1
21.9996	137.772	1
16.9944	96.921	1
45.978	55.269	1
72.9828	249.111	1
6.984	33.642	20
57.036	127.359	1
37.0152	386.883	1
15.0156	95.319	1
137.0028	2049.759	1
28.0524	37.647	2
72.0516	547.083	1
15.9468	60.075	5
11.058	104.931	1
74.0304	316.395	1
50.052	218.673	1
30.9624	107.334	2
1.0476	427.734	2
21.9996	33.642	3
5.0052	430.137	6
28.9836	63.279	1
5.0052	69.687	1
10.0104	21.627	20
40.9728	68.886	1
32.01	75.294	1
64.02	242.703	1
94.0512	293.967	1
37.9464	60.876	1
13.968	115.344	1
5.0052	237.096	1
74.9616	260.325	1
1.0476	131.364	1
91.0248	220.275	1
10.0104	68.886	1
1.0476	284.355	2
1.0476	840.249	1
50.052	252.315	1
23.0472	131.364	1
8.0316	60.075	3
15.9468	124.155	1
11.058	41.652	11
13.968	177.021	1
64.02	148.185	1
27.0048	136.17	1
13.0368	44.055	13
23.9784	52.065	2
201.954	1156.644	1
42.9516	198.648	1
40.9728	181.827	1
11.9892	56.07	4
8.0316	28.035	24
20.0208	124.956	1
23.9784	160.2	1
101.0352	244.305	1
8.0316	36.846	17
30.9624	100.926	1
74.0304	169.011	1
15.0156	48.06	5
21.9996	52.065	7
1.0476	149.787	1
10.0104	87.309	1
20.0208	49.662	1
1.0476	116.145	3
1.0476	120.15	2
65.9988	137.772	1
25.026	128.16	1
30.0312	52.065	2
40.0416	111.339	1
64.9512	499.023	1
13.968	83.304	3
16.9944	84.906	6
45.978	249.912	1
50.9832	52.866	1
5.0052	151.389	1
20.0208	184.23	1
27.0048	91.314	1
76.0092	821.025	1
1.9788	144.18	1
5.0052	108.135	2
65.9988	276.345	1
64.02	285.156	1
74.9616	151.389	1
10.0104	92.115	1
32.01	563.103	1
57.036	358.848	1
27.0048	88.11	2
6.0528	23.229	39
8.0316	962.001	1
3.9576	79.299	2
28.0524	137.772	1
28.0524	155.394	2
5.0052	52.065	4
13.0368	111.339	1
13.0368	40.851	13
20.952	88.11	1
28.0524	120.951	2
45.0468	89.712	1
30.9624	91.314	2
25.026	64.08	3
13.0368	88.911	1
113.9556	434.142	1
15.9468	80.901	6
45.0468	101.727	1
18.042	92.115	2
35.0364	121.752	1
67.9776	232.29	1
16.9944	52.866	5
16.9944	43.254	3
1.9788	36.045	21
1.9788	24.03	39
3.0264	20.826	42
37.9464	157.797	1
28.0524	140.976	3
27.0048	27.234	1
55.0572	143.379	2
55.0572	708.084	1
6.984	24.03	37
50.052	148.986	1
67.9776	152.991	1
3.9576	88.911	1
3.0264	104.13	2
5.0052	787.383	1
5.0052	133.767	1
3.0264	178.623	1
13.0368	92.115	1
5.0052	409.311	1
11.9892	71.289	4
5.0052	99.324	1
11.058	31.239	19
35.0364	76.095	1
67.9776	173.016	1
43.9992	109.737	1
33.9888	144.18	2
30.9624	270.738	1
55.0572	221.877	3
3.0264	120.15	1
30.0312	105.732	1
30.0312	84.906	1
55.9884	366.858	1
43.9992	97.722	2
5.0052	8.811	170
1.0476	132.966	3
25.9572	100.125	1
57.036	172.215	1
28.0524	69.687	2
45.0468	162.603	1
13.0368	89.712	1
123.966	274.743	1
23.0472	28.035	1
72.9828	152.19	1
18.042	55.269	5
20.952	37.647	1
1.9788	140.175	3
49.0044	87.309	1
15.0156	19.224	6
13.968	145.782	2
55.9884	133.767	1
33.0576	33.642	1
6.0528	83.304	2
10.0104	61.677	3
77.988	829.035	1
77.0568	487.008	1
18.042	77.697	6
15.0156	56.07	2
67.9776	266.733	1
15.9468	45.657	5
20.0208	128.961	1
72.0516	337.221	1
25.026	125.757	1
67.9776	333.216	1
82.9932	417.321	1
191.0124	1250.361	1
108.9504	886.707	1
25.9572	96.921	1
23.0472	103.329	1
23.0472	57.672	4
15.0156	33.642	13
16.9944	133.767	1
35.9676	140.976	1
25.026	144.981	1
79.9668	611.964	1
1.9788	5.607	1046
32.01	84.906	1
25.026	25.632	4
13.0368	144.18	4
25.026	109.737	2
21.9996	21.627	4
1.0476	116.946	6
1.9788	174.618	1
6.0528	5.607	87
25.9572	262.728	1
3.0264	63.279	6
52.962	209.061	1
20.952	72.891	2
6.0528	1123.002	1
20.952	71.289	1
23.0472	72.09	5
6.984	64.08	3
37.0152	39.249	2
13.968	60.876	7
18.042	60.876	6
43.9992	136.17	2
30.9624	64.08	1
67.0464	245.106	1
47.0256	281.952	1
25.026	27.234	1
50.052	124.155	1
47.0256	244.305	2
6.984	75.294	1
5.0052	31.239	19
47.9568	206.658	1
91.956	902.727	1
89.9772	635.193	1
15.0156	144.18	1
35.0364	49.662	1
8.9628	59.274	3
5.0052	43.254	6
6.984	192.24	1
23.0472	139.374	1
33.0576	113.742	1
96.03	265.131	1
1.0476	85.707	4
113.0244	466.983	1
5.0052	75.294	1
13.0368	87.309	1
18.9732	40.851	5
3.9576	56.07	3
20.0208	84.906	2
6.984	52.065	7
6.984	64.881	1
15.9468	33.642	4
30.9624	159.399	1
10.0104	60.876	4
23.9784	60.876	4
1.0476	148.185	3
84.972	486.207	1
145.0344	430.137	1
15.9468	88.11	2
23.9784	136.971	1
18.9732	97.722	2
37.0152	434.142	1
52.962	108.135	1
50.052	169.011	1
25.026	289.962	1
13.968	71.289	3
30.9624	32.841	1
25.026	60.876	1
10.0104	128.961	1
30.9624	197.847	1
38.994	125.757	1
37.9464	55.269	1
1.0476	268.335	2
74.0304	606.357	1
1.0476	123.354	3
6.984	20.826	48
71.004	426.132	1
1.9788	56.871	7
1.9788	96.12	2
43.9992	402.903	1
21.9996	174.618	1
77.0568	933.165	1
1.0476	274.743	2
33.9888	104.13	3
59.0148	174.618	1
18.042	36.846	4
62.0412	261.927	1
3.9576	29.637	7
6.984	9.612	47
20.0208	52.065	5
1.0476	181.026	1
82.9932	402.903	1
11.9892	12.015	22
15.9468	72.09	1
10.0104	56.07	1
11.9892	33.642	24
11.058	112.14	1
11.058	68.886	3
6.984	115.344	2
27.0048	29.637	6
28.0524	29.637	1
27.0048	36.045	1
62.9724	91.314	1
89.9772	165.006	1
23.0472	83.304	2
15.0156	92.115	2
38.994	137.772	1
13.0368	99.324	2
23.0472	105.732	1
81.0144	120.951	1
15.9468	52.866	11
42.9516	345.231	1
32.01	224.28	1
33.0576	202.653	1
67.9776	148.185	1
27.0048	75.294	1
25.026	85.707	1
50.052	125.757	1
64.02	355.644	1
32.01	162.603	2
47.9568	173.016	1
18.9732	81.702	2
10.0104	80.901	1
47.9568	144.18	1
25.9572	60.075	2
3.0264	615.969	1
18.9732	27.234	4
11.9892	80.1	3
15.0156	590.337	1
15.0156	44.856	16
103.014	571.914	1
25.026	221.877	2
33.9888	44.856	1
30.0312	162.603	2
18.9732	71.289	3
25.9572	144.18	1
11.058	55.269	6
43.9992	89.712	1
15.0156	16.821	12
6.0528	55.269	1
8.0316	12.015	37
57.9672	116.145	1
25.026	44.055	2
11.058	15.219	12
21.9996	48.06	5
49.0044	123.354	1
30.9624	64.881	4
52.962	56.871	1
20.0208	88.11	1
55.0572	133.767	1
8.9628	35.244	17
5.0052	124.956	1
8.0316	68.886	1
1.0476	73.692	2
20.0208	96.921	2
23.9784	33.642	4
27.0048	116.145	2
35.9676	479.799	1
40.9728	202.653	1
89.9772	301.977	1
1.0476	16.02	150
25.9572	151.389	2
59.946	159.399	1
1.0476	23.229	80
13.0368	542.277	1
13.0368	152.991	2
1.0476	36.846	28
8.0316	91.314	1
233.0328	1015.668	1
5.0052	65.682	1
13.968	28.836	10
1.9788	32.04	18
52.0308	162.603	1
77.0568	345.231	1
16.9944	32.841	10
15.9468	37.647	8
20.952	80.901	4
3.0264	12.015	251
11.9892	51.264	7
38.994	111.339	1
37.0152	124.956	1
33.0576	112.941	2
28.9836	40.05	1
3.0264	72.891	1
8.9628	51.264	6
30.9624	131.364	2
15.9468	80.1	1
28.9836	164.205	1
1.0476	241.101	1
30.9624	145.782	1
28.9836	225.882	1
1.9788	240.3	1
47.9568	233.892	1
1.0476	169.011	2
16.9944	148.986	1
33.0576	135.369	1
3.0264	886.707	1
20.952	76.095	2
1.9788	12.816	154
35.9676	144.981	1
10.0104	185.031	1
21.9996	84.105	1
13.0368	56.07	3
47.0256	103.329	1
10.0104	13.617	15
1.9788	2395.791	1
45.978	249.111	1
16.9944	67.284	4
128.04	284.355	1
1.9788	241.101	1
1.0476	24.831	46
3.9576	916.344	1
62.0412	249.111	1
28.9836	93.717	1
214.9908	1268.784	1
62.0412	161.802	1
16.9944	35.244	4
3.9576	68.085	2
15.0156	79.299	3
38.994	49.662	1
33.9888	64.881	1
35.9676	406.908	1
23.0472	85.707	1
3.0264	64.881	3
33.9888	91.314	1
18.9732	43.254	2
81.0144	330.813	1
137.0028	1062.927	1
37.0152	173.817	1
27.0048	73.692	4
20.952	76.896	2
30.0312	185.832	1
13.0368	15.219	14
18.042	21.627	4
30.9624	105.732	2
33.0576	133.767	2
3.9576	40.851	6
8.0316	47.259	6
18.9732	89.712	1
3.9576	95.319	1
20.952	144.981	1
8.9628	72.891	2
30.0312	35.244	1
1.0476	67.284	7
37.0152	44.856	1
59.0148	362.052	1
50.9832	156.195	1
23.0472	55.269	1
23.0472	96.921	3
89.9772	506.232	1
25.9572	35.244	1
25.9572	108.936	2
32.01	159.399	1
1.9788	61.677	1
43.9992	127.359	1
87.9984	1397.745	1
20.952	24.03	1
33.9888	165.006	1
21.9996	165.006	1
52.962	225.081	1
25.026	165.006	1
15.9468	77.697	1
18.9732	25.632	6
87.9984	413.316	1
3.9576	922.752	1
126.9924	789.786	1
15.9468	24.03	4
15.9468	95.319	1
37.0152	104.931	1
8.0316	44.856	7
125.9448	1243.953	1
55.9884	181.827	1
42.0204	252.315	1
6.984	72.891	2
1.0476	96.12	4
16.9944	40.05	4
81.0144	127.359	1
10.0104	120.15	1
8.0316	16.02	66
32.01	47.259	3
8.9628	137.772	1
6.984	27.234	39
23.0472	112.14	1
3.9576	43.254	7
23.0472	208.26	1
13.968	53.667	4
13.0368	23.229	7
28.0524	56.871	2
71.004	268.335	1
10.0104	226.683	1
118.9608	147.384	1
6.984	48.861	6
84.972	254.718	1
1.9788	48.861	3
15.0156	76.095	3
52.0308	342.828	1
23.9784	56.07	1
47.0256	237.897	1
23.9784	63.279	2
18.042	48.06	6
15.9468	88.911	3
30.9624	68.886	1
28.9836	44.856	1
79.0356	294.768	1
1.0476	2201.949	1
13.0368	12.816	13
16.9944	24.831	6
5.0052	48.06	8
11.9892	28.035	21
13.968	76.896	1
28.9836	49.662	2
89.9772	258.723	1
23.0472	48.06	2
15.9468	127.359	2
23.0472	136.971	1
20.0208	47.259	7
135.024	342.828	1
6.984	19.224	76
8.9628	31.239	20
8.9628	221.076	1
3.0264	35.244	9
20.952	120.951	1
6.984	7.209	84
47.9568	153.792	1
6.0528	205.857	1
23.0472	69.687	2
1.0476	155.394	1
37.0152	52.065	1
60.9936	152.991	1
64.02	216.27	1
3.0264	59.274	2
67.9776	551.088	1
6.0528	63.279	3
23.9784	47.259	3
35.0364	89.712	1
64.02	237.096	1
59.946	417.321	1
130.0188	634.392	1
13.968	125.757	1
28.0524	177.021	1
27.0048	85.707	2
25.9572	128.16	1
62.9724	314.793	1
20.952	29.637	2
16.9944	20.826	4
1.0476	47.259	7
40.9728	60.876	1
71.004	261.126	1
28.9836	193.041	1
50.052	72.891	1
23.0472	80.1	2
6.984	56.07	3
23.0472	49.662	8
25.9572	49.662	2
45.978	157.797	1
13.968	41.652	16
35.9676	56.871	1
45.0468	274.743	1
15.0156	80.1	5
76.0092	386.082	1
18.042	32.841	4
25.026	120.951	1
42.0204	112.941	1
23.9784	28.035	3
62.0412	350.037	1
28.9836	184.23	1
69.0252	200.25	1
69.0252	347.634	1
8.0316	19.224	49
30.0312	29.637	1
1.0476	60.075	8
18.9732	139.374	1
370.9668	2740.221	1
5.0052	60.075	3
91.956	559.899	1
5.0052	36.045	13
18.9732	44.055	2
55.9884	305.181	1
25.9572	96.12	1
1.9788	44.055	10
76.0092	309.186	1
42.9516	124.956	1
1.0476	35.244	38
25.9572	71.289	4
11.9892	36.045	17
91.956	305.982	1
1.9788	29.637	23
11.058	120.15	2
18.042	119.349	1
25.9572	80.901	2
13.968	117.747	1
91.0248	338.022	1
6.0528	17.622	101
15.0156	72.09	4
47.9568	87.309	1
1.9788	60.075	6
42.0204	64.08	1
81.0144	181.026	1
8.0316	123.354	1
23.9784	77.697	3
6.984	108.135	1
6.0528	52.866	5
47.0256	120.15	1
59.946	156.996	1
52.0308	631.188	1
93.0036	320.4	1
28.9836	75.294	3
67.9776	375.669	1
21.9996	48.861	2
79.9668	298.773	1
6.0528	9.612	89
15.0156	37.647	7
62.9724	144.981	1
23.9784	97.722	2
42.0204	108.135	1
32.01	57.672	1
101.9664	189.837	1
160.05	487.809	1
37.9464	108.936	2
101.9664	253.917	1
1.9788	63.279	4
52.0308	117.747	1
20.952	43.254	6
43.9992	228.285	1
8.9628	40.851	12
47.9568	236.295	2
8.9628	48.861	8
346.9884	2274.039	1
123.966	874.692	1
8.9628	9.612	23
20.0208	245.106	1
30.0312	438.948	1
13.0368	29.637	11
87.9984	166.608	1
25.026	83.304	1
6.984	29.637	30
3.0264	334.017	2
13.968	75.294	3
81.9456	568.71	1
13.0368	45.657	8
18.9732	88.11	1
20.0208	56.07	2
28.0524	48.06	2
47.0256	144.981	1
1.0476	139.374	2
37.9464	194.643	1
37.9464	144.18	1
43.9992	1440.198	1
11.9892	36.846	15
5.0052	64.881	1
33.0576	72.891	1
25.9572	81.702	2
20.0208	244.305	1
20.0208	57.672	5
5.0052	4.806	149
21.9996	104.931	1
23.9784	105.732	1
106.0404	262.728	1
16.9944	91.314	3
3.9576	71.289	2
81.0144	575.919	1
1.0476	660.825	1
13.968	153.792	1
37.9464	52.065	2
60.9936	579.924	1
18.9732	149.787	1
11.058	104.13	1
72.9828	115.344	1
6.0528	127.359	1
3.0264	48.861	5
223.9536	836.244	1
50.052	161.802	1
23.9784	116.946	1
25.9572	85.707	1
18.042	41.652	3
20.0208	3099.069	1
37.0152	141.777	1
45.0468	206.658	1
40.0416	136.17	1
1.0476	3.204	5344
54.0096	495.018	1
6.0528	61.677	2
11.058	237.096	1
38.994	309.987	1
42.9516	64.881	2
38.994	201.051	2
13.0368	27.234	15
27.0048	165.006	2
25.026	52.866	4
59.946	139.374	1
55.0572	57.672	1
25.9572	84.105	1
18.042	97.722	1
15.9468	61.677	6
1.0476	69.687	3
35.0364	107.334	1
1.9788	96.921	3
18.9732	77.697	1
3.9576	4.806	206
72.0516	192.24	1
77.0568	354.042	1
1.9788	20.025	64
50.9832	209.061	2
10.0104	73.692	3
64.9512	305.181	1
33.0576	115.344	1
37.0152	458.172	1
35.0364	156.195	2
106.0404	680.85	1
11.9892	40.05	9
8.0316	17.622	60
1.9788	112.14	3
186.0072	8010.0	1
13.968	67.284	4
32.01	253.917	1
67.9776	302.778	1
13.968	76.095	2
5.0052	385.281	1
28.9836	209.862	1
28.9836	48.06	1
8.0316	87.309	1
16.9944	55.269	6
38.994	47.259	2
13.968	19.224	7
35.0364	147.384	1
47.9568	172.215	1
1.9788	145.782	1
8.9628	28.836	25
18.042	1611.612	1
40.0416	381.276	1
57.036	197.046	1
196.9488	4335.813	1
27.0048	120.951	1
52.0308	242.703	1
10.0104	35.244	15
20.952	24.831	3
13.0368	36.846	20
15.0156	55.269	5
5.0052	132.165	2
3.9576	495.018	1
91.956	566.307	1
10.0104	23.229	23
6.0528	97.722	1
3.0264	53.667	2
15.0156	61.677	5
40.0416	197.847	1
13.968	72.891	2
37.9464	506.232	1
6.984	137.772	1
42.9516	112.941	1
20.0208	105.732	4
37.9464	97.722	2
8.9628	105.732	1
1.0476	2258.019	2
28.0524	67.284	2
32.01	116.946	1
45.0468	84.105	1
23.0472	41.652	1
32.01	65.682	1
87.9984	1057.32	1
96.03	152.991	1
15.0156	116.946	1
55.0572	162.603	1
27.0048	28.035	2
33.9888	198.648	1
13.968	48.06	14
10.0104	32.04	24
37.9464	96.921	3
20.0208	24.03	4
8.0316	28.836	23
18.9732	104.13	3
18.9732	20.025	4
30.9624	133.767	3
13.968	24.03	12
45.0468	112.941	2
1.0476	108.936	2
49.0044	427.734	1
32.01	120.951	1
1.9788	104.931	1
16.9944	238.698	1
20.952	96.921	1
10.0104	24.831	22
45.0468	108.936	1
64.02	186.633	1
15.9468	84.906	1
37.0152	193.041	2
28.9836	76.095	2
18.042	19.224	6
50.9832	445.356	1
11.058	28.035	21
15.9468	41.652	10
20.952	56.871	3
32.01	76.896	2
108.0192	492.615	1
28.9836	84.906	1
3.9576	12.015	195
20.0208	65.682	1
64.9512	242.703	1
3.9576	768.96	1
86.9508	213.867	1
25.9572	113.742	2
223.0224	1433.79	1
8.9628	27.234	39
21.9996	139.374	1
50.052	241.101	1
15.0156	31.239	7
5.0052	346.032	1
54.0096	205.857	1
38.994	200.25	1
79.9668	320.4	1
69.0252	143.379	1
37.9464	135.369	1
43.9992	143.379	2
1.0476	140.976	2
27.0048	40.05	2
16.9944	108.135	1
99.0564	461.376	1
40.9728	128.16	1
15.0156	84.906	1
23.9784	59.274	2
137.0028	353.241	1
64.02	177.021	1
18.042	229.887	1
33.0576	221.877	1
87.9984	284.355	1
1.9788	178.623	2
38.994	143.379	2
32.01	76.095	3
28.9836	52.866	1
1.9788	64.08	3
6.0528	462.177	1
3.0264	217.872	1
8.0316	111.339	1
1.9788	205.857	1
1.9788	165.807	1
10.0104	210.663	1
1.9788	52.065	13
42.0204	233.892	1
13.968	144.981	1
13.0368	83.304	3
20.952	202.653	1
16.9944	100.125	1
54.0096	401.301	1
94.0512	502.227	1
35.9676	88.911	1
15.0156	52.065	6
33.9888	209.061	1
1.0476	68.085	2
54.0096	334.818	1
20.0208	125.757	1
72.9828	116.946	1
33.9888	77.697	1
40.9728	99.324	1
16.9944	72.09	3
42.9516	571.113	1
20.952	44.856	1
67.0464	242.703	1
1.0476	33.642	28
30.0312	172.215	1
6.0528	72.891	1
123.966	518.247	1
140.9604	783.378	1
13.968	64.08	7
57.036	289.962	1
38.994	177.822	1
54.0096	108.936	1
38.994	133.767	1
116.0508	426.132	1
20.0208	76.095	5
35.9676	119.349	1
8.9628	36.846	15
20.952	75.294	1
52.0308	281.151	1
1.0476	140.175	1
11.058	52.866	8
15.9468	47.259	6
3.9576	40.05	5
57.9672	245.907	1
52.962	155.394	1
45.978	104.13	1
35.9676	52.866	2
65.9988	71.289	1
42.9516	127.359	1
45.978	168.21	3
3.0264	16.02	94
52.0308	446.958	1
20.952	83.304	3
15.0156	124.956	1
45.0468	155.394	1
42.9516	202.653	1
32.01	237.897	1
16.9944	61.677	4
33.9888	244.305	1
11.9892	16.821	9
30.0312	68.085	1
45.978	99.324	1
10.0104	15.219	18
5.0052	459.774	1
8.0316	96.921	1
25.9572	166.608	1
52.962	115.344	1
64.9512	671.238	1
23.0472	91.314	1
18.9732	120.15	1
5.0052	112.941	1
10.0104	84.906	2
11.058	25.632	30
33.0576	105.732	1
10.0104	64.881	3
40.9728	382.878	1
23.9784	51.264	2
28.9836	68.085	2
33.9888	84.906	1
21.9996	157.797	1
23.0472	33.642	2
21.9996	32.841	3
23.0472	47.259	2
57.036	508.635	1
1.0476	4.005	4047
10.0104	40.05	13
1.9788	33.642	17
18.9732	84.105	6
15.9468	23.229	3
93.0036	309.987	1
11.9892	63.279	2
1.9788	253.917	2
21.9996	120.15	1
1.9788	410.913	1
25.9572	112.941	3
8.9628	16.02	34
59.946	377.271	1
8.9628	24.831	37
47.0256	68.886	1
1.0476	192.24	1
20.0208	84.105	3
67.0464	197.046	1
8.0316	65.682	1
1.0476	20.025	95
28.9836	73.692	2
47.9568	99.324	1
42.0204	244.305	1
23.9784	128.961	2
18.9732	44.856	3
15.0156	64.881	2
101.9664	606.357	1
10.0104	72.891	1
76.0092	300.375	1
11.058	43.254	4
65.9988	169.812	1
21.9996	79.299	2
33.0576	161.001	1
37.9464	189.837	1
42.9516	132.966	1
23.0472	254.718	1
42.9516	342.027	1
25.026	209.061	1
91.0248	1605.204	1
49.0044	346.833	1
38.994	153.792	1
6.0528	103.329	1
99.0564	129.762	1
6.984	73.692	1
59.946	71.289	1
13.0368	39.249	11
99.9876	669.636	1
45.0468	61.677	1
33.9888	217.872	1
3.9576	39.249	11
43.9992	159.399	1
42.0204	241.902	1
25.9572	99.324	1
8.9628	15.219	25
30.9624	123.354	1
10.0104	85.707	1
18.042	24.03	7
45.0468	232.29	1
13.968	81.702	2
15.0156	76.896	2
52.0308	323.604	1
40.9728	174.618	1
3.0264	67.284	1
21.9996	55.269	4
38.994	169.011	1
18.042	144.18	1
10.0104	80.1	2
59.946	212.265	1
10.0104	821.826	1
52.0308	53.667	1
50.9832	168.21	1
1.9788	245.106	2
42.0204	84.105	1
177.0444	7286.697	1
76.0092	133.767	1
54.0096	116.946	1
118.0296	568.71	1
3.0264	100.125	2
57.9672	104.13	2
40.9728	136.971	1
18.9732	24.03	2
101.9664	157.797	1
11.9892	64.08	4
13.0368	13.617	13
13.0368	123.354	1
20.952	109.737	1
6.984	23.229	57
28.9836	105.732	1
3.9576	28.035	18
11.058	79.299	1
42.0204	116.145	1
57.9672	233.892	1
8.9628	53.667	4
8.0316	59.274	2
11.9892	28.836	19
52.0308	188.235	1
25.9572	64.08	1
25.9572	40.05	1
1.0476	32.04	31
11.9892	95.319	2
128.04	261.126	1
3.0264	5.607	607
10.0104	128.16	2
23.9784	88.911	1
13.968	65.682	1
23.9784	137.772	2
30.9624	141.777	1
25.026	44.856	1
8.9628	64.08	4
15.0156	27.234	6
27.0048	189.837	1
27.0048	156.996	1
1.9788	124.155	1
3.0264	80.901	6
8.0316	16.821	39
28.9836	83.304	1
27.0048	83.304	3
106.9716	298.773	1
82.9932	375.669	1
1.0476	37.647	19
25.9572	128.961	1
6.0528	20.025	65
32.01	273.942	1
28.0524	181.827	1
25.9572	31.239	3
37.9464	121.752	1
16.9944	101.727	1
15.0156	28.836	6
108.9504	912.339	1
28.9836	133.767	1
15.0156	125.757	1
13.968	238.698	1
27.0048	93.717	1
6.984	2982.123	8
101.0352	504.63	1
37.9464	141.777	1
21.9996	206.658	1
20.952	28.035	2
37.0152	169.011	1
5.0052	1372.914	1
37.0152	190.638	1
5.0052	15.219	130
13.968	100.125	1
52.962	101.727	1
33.0576	131.364	1
3.9576	80.1	1
8.9628	13.617	24
47.9568	301.176	1
81.0144	478.197	1
33.0576	71.289	3
21.9996	80.1	1
13.0368	68.085	2
42.0204	111.339	1
10.0104	69.687	3
72.0516	113.742	1
8.0316	11.214	37
8.9628	60.876	3
59.946	170.613	1
8.0316	9.612	40
351.9936	2922.048	1
69.0252	104.13	1
3.0264	40.05	7
13.0368	104.931	1
3.9576	36.045	8
152.9496	885.105	1
37.9464	61.677	1
13.968	60.075	8
42.9516	172.215	1
1.0476	88.11	4
21.9996	87.309	1
13.0368	56.871	4
35.9676	80.901	4
11.9892	75.294	3
33.9888	60.876	1
43.9992	173.016	1
15.9468	1049.31	1
25.026	69.687	3
245.9532	1815.066	1
28.0524	330.012	1
25.026	40.851	2
59.0148	333.216	1
6.984	28.035	43
21.9996	127.359	1
50.9832	257.121	1
3.9576	28.836	18
25.9572	170.613	1
6.984	11.214	50
13.0368	68.886	4
3.0264	55.269	2
71.004	519.048	1
3.0264	188.235	1
20.952	100.125	1
8.0316	33.642	18
3.0264	19.224	44
30.9624	162.603	1
20.952	53.667	1
64.9512	88.11	3
147.9444	2084.202	1
3.9576	159.399	1
28.0524	97.722	1
18.9732	101.727	1
25.9572	36.846	1
28.0524	48.861	2
47.9568	430.137	1
3.0264	117.747	2
25.9572	159.399	1
55.0572	178.623	1
13.0368	96.12	3
69.9564	281.151	1
23.0472	32.04	2
6.984	20.025	57
99.0564	442.953	1
8.0316	293.166	1
6.984	72.09	2
91.0248	417.321	1
42.9516	73.692	1
33.0576	101.727	1
55.9884	68.085	1
20.0208	29.637	3
37.9464	39.249	2
6.984	36.846	18
20.0208	32.841	2
10.0104	127.359	1
77.0568	296.37	1
23.0472	65.682	3
3.0264	69.687	2
43.9992	177.822	1
15.9468	17.622	8
18.042	88.911	1
50.9832	290.763	1
338.0256	2584.026	1
11.058	49.662	9
35.0364	104.931	3
64.9512	619.173	1
37.0152	43.254	1
52.962	55.269	2
33.9888	43.254	1
6.0528	59.274	1
33.9888	326.007	1
40.9728	148.986	1
3.0264	8.811	372
1.9788	76.896	3
20.952	68.085	4
77.0568	250.713	1
106.0404	595.944	1
18.9732	49.662	4
33.9888	152.19	2
27.0048	71.289	4
32.01	185.832	2
6.0528	37.647	11
67.9776	127.359	1
35.0364	41.652	2
37.9464	185.031	1
27.0048	213.867	1
35.9676	79.299	1
1.0476	1.602	13138
57.036	229.086	1
45.0468	141.777	1
16.9944	24.03	7
3.9576	64.08	2
32.01	112.941	2
11.9892	25.632	20
33.9888	104.931	1
6.984	21.627	47
13.0368	109.737	1
27.0048	39.249	3
45.0468	83.304	1
10.0104	101.727	2
30.0312	61.677	3
25.026	246.708	1
25.026	105.732	2
47.0256	155.394	2
25.026	56.871	2
71.004	140.175	1
77.0568	161.001	1
96.03	143.379	1
86.9508	193.041	1
33.9888	249.111	1
65.9988	289.161	1
28.9836	129.762	1
23.9784	25.632	2
49.0044	184.23	1
60.9936	99.324	1
20.952	88.911	1
104.9928	394.092	1
27.0048	127.359	1
1.9788	93.717	2
20.952	33.642	1
28.9836	107.334	1
3.0264	140.976	1
50.9832	309.186	1
69.9564	634.392	1
37.9464	76.095	2
25.9572	147.384	2
3.0264	17.622	86
33.9888	52.065	1
40.0416	45.657	1
6.984	84.105	1
23.9784	128.16	1
32.01	100.125	1
59.946	200.25	1
45.0468	69.687	1
20.952	51.264	5
13.968	36.846	9
42.0204	75.294	1
11.058	65.682	4
15.0156	64.08	5
18.042	59.274	4
38.994	63.279	1
30.9624	185.031	1
33.9888	172.215	1
15.0156	20.025	6
37.9464	112.14	2
54.0096	112.941	1
45.0468	132.165	1
91.956	431.739	1
5.0052	80.1	1
28.9836	39.249	1
1.0476	64.881	1
16.9944	21.627	5
6.0528	108.936	1
3.0264	395.694	1
1.0476	72.891	4
32.01	88.11	2
27.0048	32.04	2
10.0104	33.642	17
20.952	85.707	3
23.9784	48.861	3
8.9628	63.279	2
3.9576	361.251	1
40.0416	181.827	1
37.0152	108.936	1
20.952	32.04	1
35.9676	128.961	2
116.0508	830.637	1
30.0312	56.07	1
1.0476	80.1	7
8.0316	84.906	2
6.984	40.851	10
30.0312	206.658	1
1.9788	111.339	1
72.9828	399.699	1
5.0052	5.607	110
67.0464	75.294	1
3.9576	25.632	27
21.9996	135.369	1
18.042	129.762	1
11.9892	76.095	1
11.9892	620.775	1
13.0368	144.981	1
15.9468	109.737	1
3.0264	166.608	1
45.0468	147.384	1
25.9572	88.911	1
6.0528	36.846	12
96.03	125.757	1
30.9624	65.682	1
33.0576	140.976	1
1.9788	149.787	1
16.9944	73.692	3
40.9728	48.861	2
28.9836	135.369	1
79.9668	196.245	1
38.994	128.16	1
6.0528	185.031	1
15.9468	76.095	3
30.0312	77.697	2
30.0312	229.887	1
11.058	68.085	4
52.0308	233.892	1
3.0264	11.214	257
1.9788	45.657	8
43.9992	151.389	1
49.0044	139.374	1
8.0316	55.269	5
15.0156	96.12	1
59.0148	64.08	1
35.0364	143.379	3
35.9676	346.833	1
64.9512	208.26	1
52.962	202.653	1
67.0464	386.082	1
116.0508	342.828	1
13.968	116.946	1
11.058	56.07	1
43.9992	60.075	1
3.9576	12.816	152
28.0524	64.08	3
186.0072	1146.231	1
21.9996	77.697	3
5.0052	68.886	3
40.0416	47.259	1
20.952	97.722	1
28.9836	55.269	2
89.046	225.882	1
57.036	88.911	1
42.0204	182.628	1
28.9836	72.891	1
15.9468	83.304	2
37.0152	84.906	1
3.0264	51.264	2
28.0524	52.065	3
497.028	4472.784	1
74.0304	818.622	1
1.0476	180.225	2
3.9576	83.304	3
32.01	269.136	1
40.0416	61.677	1
15.9468	76.896	1
6.0528	51.264	2
45.0468	95.319	1
10.0104	16.821	15
32.01	91.314	1
6.984	67.284	1
23.0472	89.712	2
13.968	80.1	4
50.9832	123.354	1
42.9516	96.12	1
27.0048	123.354	2
16.9944	131.364	1
94.0512	539.073	1
96.03	366.057	1
13.0368	76.095	1
43.9992	237.096	1
67.9776	301.176	1
25.026	112.14	3
13.968	91.314	1
89.046	522.252	1
21.9996	36.045	2
25.9572	28.836	1
18.9732	33.642	1
8.0316	76.896	2
3.9576	512.64	1
5.0052	1373.715	1
145.9656	2122.65	1
28.0524	87.309	2
35.9676	136.17	2
47.0256	132.966	2
18.9732	55.269	2
101.9664	210.663	1
20.0208	157.797	1
3.9576	84.906	2
23.0472	111.339	1
1.0476	100.125	4
37.0152	269.136	1
28.9836	120.951	1
25.9572	177.822	1
15.9468	16.02	7
57.9672	161.802	1
1.0476	31.239	37
18.042	69.687	3
43.9992	157.797	1
6.984	12.015	66
74.9616	127.359	1
67.9776	285.156	1
81.0144	288.36	1
25.026	32.841	1
6.984	83.304	2
11.058	56.871	3
11.9892	32.04	23
135.024	780.174	1
45.0468	79.299	1
37.0152	52.866	2
18.042	72.891	2
1.0476	108.135	2
21.9996	97.722	1
45.978	182.628	1
42.0204	209.862	1
6.0528	13.617	103
1.0476	2200.347	1
35.0364	103.329	1
94.9824	161.802	1
1.0476	19.224	107
50.052	177.021	1
81.9456	131.364	1
49.0044	335.619	1
38.994	91.314	1
16.9944	17.622	5
59.0148	357.246	1
6.984	128.961	1
18.9732	60.075	3
10.0104	474.192	1
23.0472	61.677	2
191.0124	2757.843	1
64.9512	160.2	1
13.0368	67.284	1
89.9772	699.273	1
1.9788	16.821	73
130.0188	587.133	1
3.9576	1372.113	1
33.0576	125.757	1
6.0528	471.789	1
18.9732	100.926	1
1.0476	39.249	18
47.0256	204.255	2
11.058	16.821	9
5.0052	116.145	1
20.952	40.851	2
45.0468	341.226	1
99.9876	305.181	1
30.0312	84.105	2
47.9568	88.911	1
25.026	100.125	2
28.0524	44.055	1
23.0472	24.831	2
74.9616	209.862	1
8.0316	53.667	5
45.0468	292.365	1
47.0256	208.26	1
27.0048	108.936	1
42.9516	92.916	1
47.9568	386.883	1
11.9892	65.682	3
33.0576	144.981	1
32.01	49.662	1
157.9548	1444.203	1
3.9576	156.996	1
28.9836	156.996	1
3.9576	63.279	1
23.9784	71.289	4
23.9784	185.031	1
74.0304	383.679	1
23.9784	221.076	1
94.0512	780.975	1
5.0052	53.667	1
23.0472	73.692	4
121.9872	785.781	1
23.9784	136.17	2
37.0152	244.305	1
11.9892	12.816	11
28.0524	76.095	1
35.0364	627.984	1
77.988	197.847	1
79.0356	300.375	1
115.0032	1148.634	1
67.9776	1609.209	1
13.0368	33.642	20
3.9576	5.607	251
5.0052	192.24	1
11.9892	68.085	4
45.0468	56.07	1
218.9484	861.075	1
10.0104	71.289	3
33.9888	56.871	1
52.0308	305.181	1
21.9996	57.672	4
8.9628	47.259	7
42.0204	234.693	1
6.0528	48.861	3
86.0196	330.813	1
25.026	141.777	1
64.02	204.255	1
45.0468	108.135	1
42.9516	224.28	1
1.0476	112.14	2
25.9572	76.896	3
18.9732	47.259	11
258.99	3856.815	1
35.9676	75.294	1
23.0472	60.876	4
86.9508	410.913	1
3.9576	44.856	6
21.9996	81.702	2
6.0528	16.02	83
86.9508	434.943	1
23.9784	124.956	1
25.026	108.936	2
47.0256	67.284	1
3.9576	2565.603	1
60.9936	296.37	1
28.0524	76.896	1
37.0152	59.274	1
11.9892	44.055	14
23.0472	128.16	1
50.052	188.235	1
28.0524	36.846	3
336.978	2552.787	1
40.9728	72.09	1
6.984	71.289	4
8.0316	44.055	12
32.01	136.971	1
30.9624	83.304	2
37.0152	97.722	2
33.9888	97.722	1
35.0364	123.354	1
23.9784	144.18	1
20.952	25.632	1
37.9464	99.324	1
1.9788	104.13	4
133.0452	405.306	1
20.952	35.244	1
15.0156	40.05	9
20.0208	72.09	1
23.9784	85.707	1
60.9936	109.737	1
38.994	326.808	1
16.9944	41.652	10
42.0204	107.334	1
81.9456	149.787	1
35.0364	91.314	2
71.004	170.613	1
32.01	132.966	1
37.9464	147.384	1
37.0152	117.747	1
84.972	288.36	1
1.9788	27.234	26
3.0264	210.663	1
49.0044	137.772	1
28.9836	136.971	1
20.0208	67.284	2
21.9996	117.747	1
76.0092	132.165	1
35.0364	152.991	1
42.0204	136.971	1
1.9788	2386.98	1
172.0392	804.204	1
6.0528	152.991	1
8.9628	21.627	33
5.0052	326.007	1
33.0576	169.011	1
3.9576	17.622	68
3.9576	32.04	19
62.0412	237.897	1
3.9576	32.841	8
11.058	77.697	2
209.0544	457.371	1
20.0208	144.18	1
25.9572	84.906	2
23.0472	147.384	2
32.01	164.205	1
57.036	69.687	1
49.0044	84.105	1
23.9784	143.379	1
67.9776	297.171	1
33.0576	100.926	1
28.0524	119.349	1
45.978	204.255	1
1.9788	4.005	2269
15.0156	28.035	7
55.0572	165.006	1
25.026	73.692	4
1.9788	88.11	2
54.0096	290.763	1
52.0308	198.648	1
20.952	52.065	1
11.058	52.065	5
55.9884	210.663	1
40.0416	144.981	1
23.9784	37.647	1
37.0152	48.06	1
30.9624	196.245	1
5.0052	51.264	1
11.9892	32.841	11
38.994	105.732	2
25.026	51.264	5
35.9676	85.707	1
40.0416	177.021	1
13.968	47.259	6
42.9516	101.727	2
65.9988	293.166	1
6.0528	15.219	90
93.0036	373.266	1
52.962	181.827	1
50.052	157.797	1
13.0368	41.652	16
50.9832	220.275	1
18.9732	36.846	4
1.9788	4402.296	1
21.9996	53.667	4
33.9888	47.259	1
25.026	79.299	2
3.9576	21.627	31
67.0464	261.126	1
52.962	206.658	1
8.0316	297.171	1
57.9672	120.951	1
8.9628	28.035	29
1.0476	270.738	1
147.0132	602.352	1
372.0144	4089.105	1
1.9788	72.09	5
40.0416	140.976	1
25.026	29.637	1
5.0052	1375.317	1
28.9836	28.836	1
18.042	309.186	1
3.9576	75.294	1
3.9576	8.811	235
6.0528	265.131	1
3.0264	15.219	132
47.9568	249.912	1
33.0576	77.697	1
18.9732	31.239	2
3.9576	56.871	5
32.01	32.841	1
59.0148	233.892	1
33.0576	257.922	1
47.9568	143.379	1
15.9468	84.105	2
23.9784	152.19	1
64.02	288.36	1
28.9836	124.155	1
35.0364	61.677	1
404.0244	3276.891	1
18.9732	84.906	2
8.0316	162.603	1
33.9888	143.379	1
13.968	124.956	1
15.9468	28.035	2
28.0524	71.289	1
20.952	44.055	3
3.0264	52.866	2
1.9788	157.797	1
50.9832	225.081	1
52.0308	256.32	1
35.0364	85.707	1
27.0048	117.747	1
8.0316	20.826	52
147.9444	1009.26	1
13.968	120.15	1
8.0316	48.861	5
47.9568	92.916	1
11.058	44.856	5
27.0048	48.06	1
65.9988	245.106	1
25.9572	145.782	1
40.9728	123.354	1
3.9576	55.269	2
3.0264	29.637	22
21.9996	1143.828	1
23.9784	79.299	3
49.0044	160.2	2
20.952	91.314	2
1.9788	120.951	2
3.9576	125.757	1
28.9836	113.742	1
49.0044	229.086	1
6.0528	1005.255	1
32.01	52.866	1
15.0156	111.339	1
35.0364	71.289	2
65.9988	462.177	1
15.9468	1051.713	1
45.0468	321.201	1
3.0264	379.674	1
25.026	152.991	1
8.0316	29.637	22
15.0156	117.747	1
20.952	40.05	2
25.026	81.702	2
65.9988	153.792	1
16.9944	87.309	1
3.0264	12.816	144
50.9832	124.155	1
21.9996	83.304	1
62.9724	88.11	1
15.9468	48.06	11
16.9944	108.936	1
1.9788	92.115	3
94.9824	499.824	1
64.02	120.951	1
11.058	21.627	27
1.0476	347.634	1
54.0096	362.052	1
93.0036	305.181	1
11.058	47.259	5
1.0476	80.901	2
13.0368	40.05	12
1.9788	95.319	1
21.9996	72.09	1
27.0048	37.647	1
28.9836	120.15	1
49.0044	181.026	1
11.9892	53.667	3
43.9992	153.792	1
25.026	68.886	4
50.052	217.071	1
18.042	61.677	2
3.0264	414.117	1
45.978	220.275	1
25.9572	72.09	3
13.0368	43.254	15
15.9468	28.836	7
23.0472	140.976	1
30.9624	85.707	2
28.9836	248.31	1
18.042	120.15	1
8.9628	16.821	32
142.008	367.659	1
10.0104	152.991	1
59.946	406.107	1
15.0156	1299.222	2
42.9516	76.095	1
1.9788	143.379	1
6.984	28.836	22
67.0464	173.016	2
11.058	29.637	30
65.9988	212.265	1
6.984	160.2	1
18.9732	136.17	2
20.0208	120.951	2
72.9828	181.026	1
74.0304	173.016	1
11.058	144.18	1
25.026	65.682	2
6.984	45.657	8
10.0104	49.662	8
47.9568	120.951	2
30.0312	96.921	1
25.9572	41.652	2
33.9888	213.867	1
50.9832	119.349	1
20.0208	180.225	1
13.0368	108.936	1
35.9676	55.269	3
13.968	36.045	7
33.0576	72.09	1
16.9944	97.722	3
103.014	567.108	1
16.9944	64.881	6
50.9832	206.658	1
23.9784	156.996	1
6.984	212.265	1
28.0524	28.836	1
18.042	76.095	4
16.9944	25.632	6
15.0156	20.826	9
84.0408	905.931	1
47.0256	107.334	1
40.0416	112.14	2
10.0104	31.239	25
8.9628	115.344	1
33.9888	202.653	1
16.9944	109.737	2
30.0312	583.929	1
6.984	418.122	1
1.0476	89.712	6
