0.00200370476066	-0.0478566372139	1
0.000499990579487	6.59452314745e-05	132
0.0283187029312	0.000826621143305	1
0.000499990579487	-0.00956928298505	2
0.057390510434	0.00260153160424	1
0.00125184767007	-0.0270648289572	2
0.0756856996383	0.00336220751607	1
0.054884320132	0.00234797296697	1
0.00175308573047	-0.0450674922038	4
0.00877041857595	-0.21114839962	1
0.00150246670027	-0.0399963194583	2
0.00100122863988	-0.0207258630252	1
0.00100122863988	-0.0230078907607	5
0.00175308573047	-0.0440532576547	5
0.0145346562705	0.000573062506028	6
0.0250606555387	0.00108017978058	2
0.0182939417234	0.000826621143305	1
0.00150246670027	-0.000187613405802	1
0.00225432379086	-0.0579989827049	2
0.000499990579487	-0.000441172043079	9
0.0481176063167	0.00209441432969	1
0.00125184767007	-0.0313753257909	3
0.00175308573047	-0.044306816292	4
0.000249371549291	-0.00500522751406	31
0.00150246670027	-0.0328966776145	1
0.0147852753007	0.000573062506028	7
0.0819511753932	0.00336220751607	1
0.0583929865547	0.00260153160424	1
0.0501225585583	0.00184085569241	1
0.000249371549291	-0.00246964114129	4
0.00175308573047	-0.0465888440275	1
0.00125184767007	-0.0298539739672	5
0.00125184767007	-0.0349251467127	2
0.105008126171	0.0041228834279	1
0.00150246670027	-0.039742760821	1
0.00927165663634	-0.224840566033	1
0.000249371549291	-0.00576590342589	18
0.0205495129952	0.000826621143305	5
0.00801856148536	0.000319503868751	8
0.00125184767007	-0.0334037948891	7
-1.34748090514e-06	-0.00221608250402	18
0.0228050842669	0.00108017978058	1
0.0614004149171	0.00260153160424	2
0.000750609609683	-0.0202187457507	9
0.000750609609683	-0.000441172043079	2
0.0107753708175	0.000319503868751	1
0.0568892723736	0.00260153160424	1
0.000499990579487	-0.000187613405802	32
0.0608991768567	0.00260153160424	2
0.000499990579487	-0.015908248917	6
0.00175308573047	-0.0458281681156	1
0.020298893965	0.000826621143305	2
0.00100122863988	-0.0252899184962	1
0.00175308573047	-0.0392356435464	1
0.000750609609683	-0.0207258630252	4
0.000499990579487	-0.0138797798188	8
0.0844573656951	0.00336220751607	1
0.00225432379086	-0.0557169549694	1
0.00450989506262	6.59452314745e-05	1
0.0794449850912	0.0031086488788	1
0.0275668458406	-0.00221608250402	1
0.000249371549291	-0.00145540659219	11
0.000249371549291	-0.00373743432768	131
0.0137827991799	0.000573062506028	7
0.0451101779544	0.00209441432969	1
0.0586436055849	0.00234797296697	1
0.0132815611195	0.000573062506028	8
0.000750609609683	-0.0189509525643	5
0.00225432379086	-0.0534349272339	1
0.066412795521	0.00285509024152	1
0.0180433226932	0.000826621143305	5
0.0245594174783	0.000573062506028	1
-1.34748090514e-06	-0.00145540659219	119
0.00851979954576	0.000319503868751	15
0.0761869376987	0.00336220751607	1
0.031827369354	0.00133373841786	3
0.015286513361	0.000573062506028	6
0.0343335596559	0.00108017978058	1
0.0355866548069	0.00158729705514	3
0.0135321801497	0.000573062506028	3
0.0340829406257	0.00158729705514	3
0.000750609609683	-0.0194580698388	5
0.00751732342497	-0.19162438455	1
0.000499990579487	-0.00170896522946	1
0.0298224171124	0.00133373841786	2
0.000249371549291	-0.00855504843594	14
0.0325792264446	0.00133373841786	1
0.0057629902136	0.000319503868751	7
0.00100122863988	-0.0270648289572	1
0.0478669872865	0.00209441432969	1
0.238337450235	0.0107154079971	1
0.000249371549291	-0.00931572434777	12
0.0060136092438	-0.000694730680356	1
0.044608939894	0.00184085569241	1
0.00977289469674	6.59452314745e-05	1
0.044608939894	0.00209441432969	3
0.0568892723736	0.00209441432969	1
0.00526175215321	-0.000187613405802	1
0.0223038462065	0.000573062506028	1
-1.34748090514e-06	-0.00196252386674	22
0.000249371549291	-0.006780137975	15
0.00200370476066	-0.0458281681156	1
0.00100122863988	-0.000187613405802	1
-1.34748090514e-06	-0.00297675841585	7
0.000249371549291	-0.00170896522946	15
0.0115272279081	-0.0176831593779	1
0.0338323215955	0.00158729705514	3
0.00125184767007	-0.0328966776145	1
0.0571398914038	0.00260153160424	1
0.0115272279081	0.000573062506028	9
0.0223038462065	0.00108017978058	6
0.000750609609683	-0.020472304388	9
0.00250494282105	-0.0618023622641	1
0.0501225585583	0.00209441432969	1
0.0601473197661	0.00260153160424	1
0.00175308573047	-0.0432925817429	1
0.0373409880183	0.00158729705514	2
0.0258125126293	0.00108017978058	2
0.00125184767007	6.59452314745e-05	41
0.00902103760615	0.000319503868751	11
0.000499990579487	-0.0148940143679	5
0.0686683667928	0.0031086488788	1
0.0333310835352	0.00133373841786	2
0.136586123976	0.00589779388884	1
0.0220532271763	0.00108017978058	1
0.0426039876524	0.00184085569241	1
0.0112766088779	0.000319503868751	1
0.250617782715	0.0107154079971	1
0.0263137506897	0.00108017978058	7
0.0436064637732	0.00184085569241	1
0.0220532271763	0.000826621143305	3
0.00701608536458	-0.000187613405802	1
0.00100122863988	-0.0250363598589	2
0.0378422260787	0.00158729705514	4
0.000249371549291	-0.00754081388683	18
0.00350741894184	6.59452314745e-05	29
0.0526287488602	0.00184085569241	1
0.0288199409916	0.00133373841786	3
0.00125184767007	-0.0138797798188	1
0.00300618088145	-0.00424455160223	1
0.00100122863988	-0.0154011316424	1
0.0172914656026	0.000826621143305	5
0.000499990579487	-0.0143868970933	6
0.00250494282105	-0.0615488036268	1
0.00150246670027	-0.0412641126447	1
0.00100122863988	-0.0255434771335	4
0.00200370476066	-0.0481101958511	1
0.000249371549291	6.59452314745e-05	345
0.000750609609683	-0.00145540659219	1
0.0333310835352	0.00158729705514	3
0.0117778469383	0.000573062506028	7
0.00300618088145	-0.0638308313623	1
0.0278174648708	0.000826621143305	1
0.00175308573047	-0.047095961302	1
0.0248100365085	0.000573062506028	1
0.0503731775885	0.00234797296697	1
0.00100122863988	-0.0273183875944	3
0.0428546066826	0.00184085569241	1
0.00100122863988	-0.023261449398	4
0.106511840352	0.00437644206518	1
0.0215519891159	0.000826621143305	3
0.000249371549291	-0.00652657933772	20
0.00125184767007	-0.000441172043079	1
0.00952227566654	0.000319503868751	9
0.00275556185125	-0.000187613405802	1
0.0388447021995	0.00184085569241	1
0.00651484730419	0.000319503868751	5
0.00100122863988	-0.0285861807808	2
-1.34748090514e-06	-0.00170896522946	58
0.0265643697199	0.00108017978058	3
0.030574274203	0.00133373841786	4
0.0405990354108	0.00184085569241	1
0.00125184767007	-0.0308682085163	3
0.000750609609683	-0.0166689248288	3
0.00676546633439	0.000319503868751	4
0.0270656077803	0.00133373841786	2
0.053631224981	0.00234797296697	2
0.0413508925014	0.00184085569241	2
0.0533806059508	0.00234797296697	4
0.00225432379086	-0.0564776308813	2
0.00125184767007	-0.030614649879	4
0.000499990579487	-0.00830148979866	1
0.0285693219614	0.00133373841786	4
0.0313261312936	0.00133373841786	1
0.0122790849987	0.000573062506028	5
0.0869635559971	0.00386932479063	1
0.000249371549291	-0.00424455160223	57
0.00175308573047	-0.0430390231056	2
0.00125184767007	-0.0301075326045	2
0.00225432379086	-0.0531813685967	2
0.00425927603243	6.59452314745e-05	9
0.00375803797203	-0.000187613405802	1
0.0243087984481	0.00108017978058	1
0.0471151301959	0.00209441432969	1
0.0348347977163	0.00108017978058	1
0.0275668458406	0.00133373841786	2
0.0631547481285	0.00285509024152	1
0.00200370476066	-0.0463352853902	1
0.000499990579487	-0.0161618075542	1
0.000499990579487	-0.0133726625442	6
0.0140334182101	0.000573062506028	7
0.000750609609683	-0.0199651871134	7
0.00125184767007	-0.0359393812618	1
0.000249371549291	-0.00703369661228	31
0.104506888111	0.00463000070246	1
0.000750609609683	-0.0164153661915	7
0.0832042705441	0.00361576615335	1
0.00100122863988	-0.0257970357708	5
0.00125184767007	-0.0346715880755	4
0.0150358943309	0.000573062506028	2
0.0283187029312	0.00133373841786	2
0.0057629902136	6.59452314745e-05	1
0.0842067466649	0.00386932479063	1
0.0809486992724	0.00361576615335	1
0.0345841786861	0.00133373841786	1
0.040849654441	0.00184085569241	3
0.00100122863988	-0.026050594408	6
0.000499990579487	-0.0110906348087	8
0.00175308573047	-0.0476030785766	2
0.00200370476066	-0.0508993408612	1
0.00200370476066	-0.0521671340476	1
0.0706733190343	0.00285509024152	1
0.000499990579487	-0.00779437252411	1
0.00175308573047	-0.0455746094784	2
0.000750609609683	-0.00652657933772	2
0.000750609609683	6.59452314745e-05	64
0.000249371549291	-0.00906216571049	9
0.000249371549291	-0.00221608250402	11
0.00125184767007	-0.0285861807808	1
0.0679165097022	0.0031086488788	1
0.0368397499579	0.00158729705514	1
0.0448595589242	0.00209441432969	1
0.0671646526116	0.0031086488788	1
0.00927165663634	0.000319503868751	14
0.12956879113	0.00437644206518	1
0.0197976559046	0.000826621143305	2
0.0208001320254	0.000826621143305	4
0.0195470368744	0.000826621143305	2
0.0230557032971	0.00108017978058	4
0.0215519891159	0.00108017978058	1
0.000499990579487	-0.0034838756904	1
0.00150246670027	-0.0354322639873	3
0.000750609609683	-0.0214865389371	8
0.00125184767007	-0.0341644708009	3
0.00100122863988	-0.0227543321234	2
0.000499990579487	-0.00145540659219	1
0.0411002734712	0.00184085569241	2
0.000750609609683	-0.0209794216625	6
0.000750609609683	-0.0217400975743	9
0.000499990579487	-0.0108370761714	6
0.000249371549291	-0.00449811023951	39
0.0100235137269	-0.239546966995	1
0.0423533686222	0.00184085569241	2
0.0100235137269	0.000319503868751	3
0.00325679991164	6.59452314745e-05	7
0.00150246670027	-0.0420247885565	1
0.00100122863988	-0.0283326221435	2
0.00125184767007	-0.00500522751406	1
0.040849654441	0.00133373841786	1
0.000750609609683	-0.000948289317633	1
0.00225432379086	-0.0605345690777	1
0.0218026081461	0.00108017978058	4
0.000499990579487	-0.00323031705313	2
0.0187951797838	0.000826621143305	4
0.0608991768567	0.00209441432969	1
0.000249371549291	-0.000187613405802	97
0.000249371549291	-0.00120184795491	13
0.0538818440112	0.00234797296697	1
0.000750609609683	-0.0225007734862	1
0.000750609609683	-0.0151475730051	1
0.00150246670027	-0.0118513107205	1
0.00125184767007	-0.0293468566926	4
0.00175308573047	-0.0283326221435	1
0.00125184767007	-0.0344180294382	1
0.0348347977163	0.00158729705514	3
0.000750609609683	-0.0156546902797	1
0.00526175215321	0.000319503868751	9
0.0218026081461	0.000826621143305	1
0.000750609609683	-0.0227543321234	1
0.0112766088779	0.000573062506028	4
0.000750609609683	-0.0197116284761	7
0.0192964178442	0.000826621143305	3
0.0255618935991	0.00108017978058	3
0.0365891309277	0.00158729705514	1
0.0288199409916	0.000826621143305	1
0.0416015115316	0.00133373841786	1
0.000249371549291	-0.000694730680356	20
0.0416015115316	0.00184085569241	2
0.0704227000042	0.0031086488788	3
0.0102741327571	-0.24284332928	1
0.000750609609683	-0.0161618075542	6
0.000750609609683	-0.000187613405802	6
0.0541324630414	0.00234797296697	1
0.0300730361426	0.00133373841786	3
0.000249371549291	-0.00804793116139	17
0.000249371549291	-0.00830148979866	11
0.00751732342497	0.000319503868751	10
0.00175308573047	-0.0394892021837	1
0.0238075603877	0.00108017978058	1
0.0273162268105	0.00108017978058	2
0.00826918051556	0.000319503868751	10
0.000750609609683	-0.0034838756904	1
0.0157877514214	0.000826621143305	1
0.000249371549291	-0.00551234478862	37
0.000750609609683	-0.0219936562116	5
0.0516262727395	0.00184085569241	1
0.0476163682563	0.00209441432969	1
0.000249371549291	-0.000948289317633	22
0.000499990579487	-0.00906216571049	2
0.000249371549291	-0.00399099296496	133
-1.34748090514e-06	-0.000441172043079	765
0.220042261031	0.00944761481072	1
0.000499990579487	-0.014133338456	13
0.0581423675246	0.00234797296697	1
0.00100122863988	-0.0263041530453	1
0.0310755122634	0.00133373841786	3
0.00175308573047	-0.042531905831	1
-1.34748090514e-06	-0.00246964114129	21
0.000499990579487	-0.0105835175342	6
0.000249371549291	-0.00196252386674	12
0.0436064637732	0.00158729705514	1
0.000499990579487	-0.0100764002596	9
0.00100122863988	-0.0225007734862	2
0.0210507510556	0.000826621143305	3
0.00501113312301	0.000319503868751	9
0.144856551972	0.00589779388884	1
0.0383434641391	0.00158729705514	1
0.0175420846328	0.000826621143305	5
0.000249371549291	-0.00601946206317	12
0.0491200824375	0.00184085569241	1
0.00200370476066	-0.0536884858712	1
0.0268149887501	0.00108017978058	1
0.00375803797203	6.59452314745e-05	52
0.00100122863988	-0.015908248917	1
0.00125184767007	-0.000187613405802	5
0.00100122863988	-0.0209794216625	2
0.0380928451089	0.00158729705514	3
0.000499990579487	-0.00221608250402	1
0.00350741894184	-0.0879189019036	1
0.00125184767007	-0.0146404557306	1
0.00150246670027	-0.0417712299192	1
0.00150246670027	6.59452314745e-05	16
0.000249371549291	-0.00525878615134	16
0.000750609609683	-0.015908248917	5
0.00125184767007	-0.03238956034	3
0.000750609609683	-0.0176831593779	3
0.00400865700223	-0.00297675841585	1
0.00150246670027	-0.0415176712819	1
0.00125184767007	-0.0303610912418	1
0.00175308573047	-0.0481101958511	3
0.016539608512	0.000826621143305	5
0.0358372738371	0.00158729705514	2
0.0353360357767	0.00158729705514	1
0.00776794245517	0.000319503868751	10
-1.34748090514e-06	-0.000694730680356	446
0.00100122863988	-0.0235150080353	3
0.000750609609683	-0.0171760421034	6
0.00902103760615	-0.0650986245487	1
0.0185445607536	0.000826621143305	2
0.0400977973504	0.00133373841786	1
0.00200370476066	-0.0506457822239	2
0.00125184767007	-0.0288397394181	1
0.0105247517873	0.000573062506028	7
0.0308248932332	0.00133373841786	4
0.0233063223273	0.00108017978058	6
0.000750609609683	-0.00728725524956	1
0.00150246670027	-0.0384749676346	3
0.00150246670027	-0.0392356435464	1
0.00300618088145	6.59452314745e-05	8
0.0360878928673	0.00108017978058	1
0.00150246670027	-0.0389820849092	2
0.0125297040289	0.000573062506028	10
0.0127803230591	0.000573062506028	4
0.00626422827399	0.000319503868751	10
0.0303236551728	0.00133373841786	1
0.000499990579487	-0.0103299588969	7
0.00726670439478	0.000319503868751	14
0.000750609609683	-0.00170896522946	1
0.000750609609683	-0.00424455160223	1
0.00125184767007	-0.0339109121636	3
0.0253112745689	0.00108017978058	1
0.081700556363	0.00361576615335	1
0.0160383704516	0.000826621143305	6
0.0724276522457	0.0031086488788	1
0.00125184767007	-0.0296004153299	2
0.00225432379086	-0.0620559209014	1
0.000249371549291	-0.00880860707322	18
0.0771894138194	0.00336220751607	1
0.017792703663	0.000826621143305	5
0.00150246670027	-0.0372071744482	1
0.00225432379086	-0.0524206926848	1
0.000499990579487	-0.006780137975	1
0.00425927603243	-0.000187613405802	1
0.00125184767007	-0.0318824430654	4
0.0619016529775	0.00285509024152	2
0.00400865700223	6.59452314745e-05	28
0.00150246670027	-0.0387285262719	1
0.000750609609683	-0.0222472148489	2
0.00551237118341	0.000319503868751	16
0.000750609609683	-0.0184438352897	11
0.0726782712759	0.0031086488788	1
0.000249371549291	-0.0034838756904	65
-1.34748090514e-06	-0.00120184795491	93
0.0503731775885	0.00209441432969	1
0.00175308573047	-0.0468424026648	1
0.000499990579487	-0.00120184795491	3
0.0290705600218	0.00133373841786	1
0.00125184767007	-0.0356858226246	2
-1.34748090514e-06	-0.000948289317633	198
0.000750609609683	-0.0133726625442	1
0.00150246670027	-0.0379678503601	4
0.000499990579487	-0.000948289317633	4
0.00100122863988	-0.0245292425844	4
0.00150246670027	-0.036953615811	2
0.0348347977163	0.00133373841786	1
0.000750609609683	-0.018697393927	9
0.00325679991164	-0.000187613405802	1
0.0313261312936	0.000826621143305	1
0.000249371549291	-0.000441172043079	36
0.000750609609683	-0.0169224834661	13
0.000750609609683	-0.000694730680356	1
0.00175308573047	-0.0427854644683	2
0.0110259898477	0.000319503868751	1
0.0939808888426	0.0041228834279	1
0.0157877514214	0.000573062506028	4
-1.34748090514e-06	-0.00272319977857	8
0.000249371549291	-0.00779437252411	25
0.00125184767007	-0.0275719462317	2
0.000499990579487	-0.011344193446	6
0.0160383704516	0.000573062506028	3
0.00350741894184	-0.0858904328054	1
0.237585593145	0.00868693889889	1
0.0518768917697	0.00209441432969	1
0.0360878928673	0.00133373841786	1
0.0343335596559	0.00133373841786	1
0.000249371549291	-0.00323031705313	12
0.00125184767007	-0.0331502362518	2
0.000249371549291	-0.00475166887679	37
0.0328298454748	0.00133373841786	1
0.104506888111	0.00437644206518	1
0.0170408465724	0.000826621143305	6
0.00250494282105	-0.000948289317633	1
0.00450989506262	-0.121135083387	1
0.00175308573047	-0.0437996990174	1
0.0107753708175	0.000573062506028	6
0.00350741894184	-0.0907080469137	1
0.0167902275422	0.000826621143305	1
0.00275556185125	-0.0737196182161	1
0.0553855581924	0.00209441432969	1
0.0060136092438	-0.154097706233	1
0.000249371549291	-0.00297675841585	34
0.0566386533434	0.00260153160424	1
0.00225432379086	-0.0567311895185	1
0.00100122863988	-0.0202187457507	2
0.0273162268105	0.00133373841786	1
0.0488694634073	0.00209441432969	1
0.0260631316595	0.00108017978058	5
0.00250494282105	-0.0640843899996	1
0.00125184767007	-0.0326431189772	2
0.00100122863988	-0.0240221253098	5
0.00100122863988	-0.027825504869	5
0.0278174648708	0.00133373841786	4
0.019045798814	0.000826621143305	6
0.00225432379086	-0.0458281681156	1
0.00225432379086	-0.0483637544884	1
0.000499990579487	-0.0121048693578	5
0.00275556185125	6.59452314745e-05	8
0.00250494282105	-0.0587596586168	1
0.0934796507822	0.0041228834279	1
0.00425927603243	-0.0940043091983	1
0.0300730361426	0.00108017978058	1
0.0273162268105	0.000826621143305	1
0.00476051409282	6.59452314745e-05	3
0.00701608536458	0.000319503868751	1
0.00776794245517	-0.000187613405802	1
-1.34748090514e-06	-0.000187613405802	4039
0.0593954626755	0.00234797296697	1
-1.34748090514e-06	-0.00323031705313	38
0.000750609609683	-0.0192045112016	1
0.00150246670027	-0.0356858226246	4
0.0491200824375	0.00209441432969	3
0.0781918899402	0.00336220751607	1
0.00125184767007	-0.0290932980554	2
0.00200370476066	6.59452314745e-05	29
0.0270656077803	0.00108017978058	3
0.00100122863988	-0.0212329802998	1
0.0213013700857	0.000826621143305	1
0.0120284659685	6.59452314745e-05	1
0.00100122863988	-0.0148940143679	1
0.0240581794179	0.00108017978058	4
0.000499990579487	-0.00931572434777	2
0.0102741327571	0.000573062506028	4
0.0102741327571	0.000319503868751	4
0.000499990579487	-0.0128655452696	13
0.0483682253469	0.00209441432969	3
0.00175308573047	-0.0445603749293	1
0.133829314644	0.00589779388884	1
0.0320779883842	0.00133373841786	6
0.0551349391622	0.00234797296697	1
0.0370903689881	0.00158729705514	1
0.0473657492261	0.00209441432969	4
0.06515970037	0.00285509024152	1
0.0375916070485	0.00158729705514	6
0.0187951797838	0.000573062506028	1
0.00175308573047	6.59452314745e-05	9
0.000750609609683	-0.0181902766525	13
0.000499990579487	-0.0126119866324	11
0.000750609609683	-0.0174296007406	8
0.00125184767007	-0.0273183875944	1
0.130320648221	0.00539067661429	1
0.00100122863988	-0.0268112703199	7
0.0556361772226	0.00260153160424	1
0.00100122863988	-0.014133338456	1
0.00826918051556	-0.186553211804	1
0.00125184767007	-0.0336573535264	2
0.00175308573047	-0.0460817267529	1
0.000499990579487	-0.0156546902797	7
0.00100122863988	-0.0247828012217	10
0.0659115574606	0.00285509024152	1
0.0360878928673	0.00158729705514	3
0.0200482749348	0.000826621143305	2
0.000499990579487	-0.0154011316424	10
0.091975936601	0.0041228834279	1
0.0496213204979	0.00209441432969	1
0.00300618088145	-0.000948289317633	1
0.0205495129952	0.000573062506028	1
0.0403484163806	0.00184085569241	1
0.0120284659685	0.000573062506028	2
0.00100122863988	6.59452314745e-05	61
0.00100122863988	-0.0237685666726	3
0.0268149887501	0.00133373841786	1
0.0431052257128	0.00133373841786	1
0.00150246670027	-0.0374607330855	1
0.00250494282105	6.59452314745e-05	15
0.000249371549291	-0.00728725524956	17
0.00150246670027	-0.0361929398991	2
0.000750609609683	-0.0212329802998	6
0.0729288903061	0.00336220751607	2
0.00200370476066	-0.0486173131257	2
0.00100122863988	-0.0275719462317	2
0.0162889894818	0.000573062506028	2
0.00977289469674	0.000319503868751	3
0.0130309420893	0.000573062506028	2
0.00100122863988	-0.0265577116826	2
0.000499990579487	-0.0123584279951	5
0.000499990579487	-0.0146404557306	8
0.0155371323912	0.000826621143305	1
0.000499990579487	-0.00703369661228	1
0.0142840372403	0.000573062506028	3
0.0328298454748	0.00108017978058	1
0.0323286074144	0.00133373841786	4
0.00300618088145	-0.0762552045889	1
0.0155371323912	-0.000187613405802	1
0.00100122863988	-0.0197116284761	1
0.00125184767007	-0.0321360017027	1
0.000499990579487	-0.0118513107205	13
0.000499990579487	-0.0151475730051	6
0.0060136092438	0.000319503868751	9
0.0353360357767	0.000319503868751	1
0.000499990579487	-0.0136262211815	8
0.000499990579487	-0.0115977520833	13
0.029321179052	0.000826621143305	1
0.00175308573047	-0.000187613405802	1
0.0390953212297	-0.0245292425844	1
0.00125184767007	-0.0199651871134	1
0.00877041857595	0.000319503868751	7
0.033080464505	0.00158729705514	2
0.067665890672	0.0031086488788	1
0.000249371549291	-0.00627302070045	17
0.000249371549291	-0.00956928298505	14
0.000499990579487	-0.00982284162232	9
0.000499990579487	-0.000694730680356	5
0.0235569413575	0.00108017978058	5
0.00150246670027	-0.0227543321234	1
0.00175308573047	-0.03238956034	1
0.0315767503238	0.00133373841786	2
0.00150246670027	-0.0394892021837	3
0.00175308573047	-0.0478566372139	1
0.017792703663	0.000573062506028	1
0.00100122863988	-0.0242756839471	4
0.000249371549291	-0.00982284162232	2
0.00125184767007	-0.0237685666726	1
0.00200370476066	-0.0501386649493	1
0.029321179052	0.00133373841786	2
0.00325679991164	-0.0815799359717	1
0.00100122863988	-0.0222472148489	1
0.00450989506262	0.000319503868751	4
0.00175308573047	-0.0435461403802	2
0.00476051409282	0.000319503868751	9
0.0674152716418	0.0031086488788	1
-1.34748090514e-06	6.59452314745e-05	80655
0.0100235137269	-0.233208001063	1
0.0162889894818	0.000826621143305	4
0.000499990579487	-0.0131191039069	10
0.0275668458406	0.00108017978058	3
0.0466138921355	0.00209441432969	1
0.0130309420893	-0.00627302070045	1
0.0117778469383	6.59452314745e-05	1
0.00225432379086	-0.0592667758913	1
0.00425927603243	0.000319503868751	8
0.033080464505	0.00133373841786	1
0.0631547481285	0.00234797296697	1
0.0634053671587	0.00285509024152	1
0.00125184767007	-0.0311217671536	4
0.00225432379086	6.59452314745e-05	16
0.000750609609683	-0.0179367180152	5
0.00100122863988	-0.0143868970933	1
0.00225432379086	-0.0585060999795	1
0.00125184767007	-0.0316288844281	3
0.00175308573047	-0.0422783471938	2
0.00250494282105	-0.0539420445085	1
0.0110259898477	0.000573062506028	6
0.00150246670027	-0.0377142917228	3
0.00275556185125	-0.0671270936469	1
0.00250494282105	-0.0600274518031	1
0.00150246670027	-0.0364464985364	3
0.000249371549291	-0.00272319977857	5
0.000750609609683	-0.00601946206317	1
0.00851979954576	-0.221544303749	1
0.0233063223273	0.000826621143305	1
