-0.00399099296496	-0.00190009541367	1
-0.0219936562116	0.000346565955342	1
-0.000694730680356	-0.0325363868093	1
-0.000441172043079	-0.00414675678268	2
6.59452314745e-05	-0.00251282124158	66
-0.000187613405802	-0.00680190203697	30
-0.000441172043079	-0.0186479347099	4
-0.00145540659219	-0.0756314367058	1
-0.00323031705313	-0.00169585347103	1
-0.000441172043079	-0.027634580186	2
-0.030614649879	0.000755049840617	1
-0.000694730680356	-0.000674643757845	6
-0.00297675841585	0.000142324012705	39
-0.00120184795491	-0.0609260168359	1
-0.00906216571049	0.000142324012705	11
-0.000948289317633	-0.0458121130807	1
-0.000948289317633	-0.0468333227939	1
-0.000441172043079	-0.00823159563543	1
-0.0250363598589	0.00055080789798	2
-0.000694730680356	-0.00598493426642	2
-0.000441172043079	-0.0151758216851	2
-0.00982284162232	0.000142324012705	11
-0.000694730680356	-0.0368254676047	1
-0.0567311895185	0.00116353372589	1
6.59452314745e-05	-0.000470401815208	765
-0.00601946206317	-6.19179299327e-05	1
-0.0128655452696	0.000346565955342	12
-0.00145540659219	-0.00353403095477	1
-0.00323031705313	-0.00190009541367	1
-0.0379678503601	0.00055080789798	1
-0.000187613405802	-0.00149161152839	41
-0.0640843899996	0.00136777566853	1
-0.000694730680356	-0.00190009541367	2
-0.00196252386674	-0.00435099872532	1
-0.00855504843594	0.000142324012705	13
-0.000694730680356	-0.0296769996124	1
-0.000694730680356	-0.0384594031458	1
-0.000441172043079	-0.0229370155053	3
-0.000694730680356	-0.0429527258838	1
-0.000441172043079	-0.00128736958576	3
-0.000187613405802	-0.0153800636277	2
-0.000441172043079	-0.0227327735627	5
-0.000187613405802	-0.00475948261059	27
-0.000441172043079	-0.00271706318422	1
-0.0638308313623	0.00136777566853	1
-0.0143868970933	0.000346565955342	7
-0.0217400975743	0.00055080789798	4
-0.000441172043079	-0.0217115638495	1
-0.000187613405802	-0.0172182411115	3
-0.00931572434777	-0.00026615987257	1
-0.0222472148489	0.00055080789798	1
-0.0179367180152	0.000346565955342	5
-0.000694730680356	-0.027634580186	1
-0.000441172043079	-0.0192606605379	2
-0.042531905831	0.000959291783254	1
0.00361576615335	0.000142324012705	3
-0.000187613405802	-0.00884432146334	13
-0.000441172043079	-0.0268176124154	2
-0.000694730680356	-0.0331491126372	1
-0.000187613405802	-0.00802735369279	14
-0.000441172043079	-0.0235497413332	3
-0.19162438455	0.00402292092282	1
-0.233208001063	0.00463564675073	1
-0.000187613405802	-0.0119079506029	8
-0.039742760821	0.000755049840617	1
-0.000694730680356	-0.0335575965225	2
-0.0334037948891	0.000142324012705	1
-0.00246964114129	0.000142324012705	15
-0.00170896522946	-0.00026615987257	5
-0.00246964114129	-0.136699777554	1
-0.00170896522946	-0.000674643757845	3
-0.00627302070045	-0.00128736958576	1
-0.00297675841585	-6.19179299327e-05	1
-0.000694730680356	-0.0380509192605	1
-0.000441172043079	-0.0106824989471	1
-0.000441172043079	-0.0223242896774	3
-0.0308682085163	0.00055080789798	3
-0.0156546902797	0.000346565955342	8
-0.00120184795491	-0.0699126623119	1
-0.000441172043079	-0.0221200477348	2
-0.0225007734862	0.000346565955342	1
0.0107154079971	0.000346565955342	1
-0.0328966776145	0.00055080789798	1
0.000573062506028	-6.19179299327e-05	130
-0.000441172043079	-0.0200776283084	3
-0.000187613405802	-0.00332978901213	43
-0.000441172043079	-0.0300854834976	2
-0.000187613405802	-0.00598493426642	21
-0.0524206926848	0.00116353372589	1
-0.0389820849092	0.000755049840617	2
-0.0465888440275	0.000959291783254	1
-0.000441172043079	-0.023141257448	5
-0.0311217671536	0.000755049840617	3
-0.0316288844281	0.00055080789798	2
-0.03238956034	0.000755049840617	4
-0.00120184795491	-6.19179299327e-05	73
-0.00145540659219	-0.0117037086603	1
-0.000187613405802	-0.0161970313983	3
-0.000694730680356	-0.0323321448666	2
-0.0227543321234	0.00055080789798	3
-0.000948289317633	-0.0486715002776	2
-0.00551234478862	-0.0650108556886	1
-0.000187613405802	-0.00721038592224	25
-0.0762552045889	0.00157201761117	1
-0.00399099296496	-6.19179299327e-05	1
-0.000187613405802	-0.0114994667176	8
-0.0605345690777	0.00136777566853	1
-0.000694730680356	-0.029881241555	1
0.00285509024152	-6.19179299327e-05	1
-0.000948289317633	-0.0488757422203	1
-0.00145540659219	-0.0852308080097	1
-0.00449811023951	-0.00414675678268	1
-0.00120184795491	-0.0597005651801	1
-0.000441172043079	-0.0282473060139	2
-0.000441172043079	-0.0204861121937	3
-0.000441172043079	-0.0290642737844	2
-0.000441172043079	-0.0123164344882	3
-0.014133338456	-0.00026615987257	1
-0.186553211804	0.00402292092282	1
0.00463000070246	-6.19179299327e-05	1
-0.00525878615134	0.000142324012705	16
-0.0534349272339	0.00116353372589	1
-0.000187613405802	-0.0125206764308	4
-0.000187613405802	-0.0151758216851	5
-0.000694730680356	-0.0364169837194	2
-0.0420247885565	0.000755049840617	1
-0.00272319977857	-6.19179299327e-05	2
-0.0138797798188	0.000142324012705	1
-0.00120184795491	-0.0664405492871	1
-0.000694730680356	-0.0396848548016	1
-0.0301075326045	0.00055080789798	2
-0.000694730680356	-0.036621225662	1
-0.00145540659219	-0.0161970313983	1
-0.00120184795491	-0.0592920812948	1
-0.000441172043079	-0.018035208882	7
-0.0265577116826	0.00055080789798	2
-0.0592667758913	0.00116353372589	1
-0.00145540659219	-0.062559952377	1
-0.0615488036268	0.00136777566853	1
6.59452314745e-05	-0.000674643757845	389
-0.000948289317633	-0.00026615987257	14
-0.0115977520833	0.000142324012705	8
-0.0481101958511	0.000959291783254	4
-0.0940043091983	0.00198050149644	1
-0.000187613405802	-0.00843583757807	21
-0.000948289317633	-0.00312554706949	1
-0.0536884858712	0.00116353372589	1
-0.000187613405802	-0.0168097572262	3
-0.000694730680356	-0.00741462786488	1
-0.000948289317633	-0.0533690649583	1
-0.0618023622641	0.00136777566853	1
-0.000948289317633	-0.0437696936543	1
-0.000694730680356	-0.00496372455323	1
-0.00855504843594	-6.19179299327e-05	1
-0.000948289317633	-0.0592920812948	1
-0.00399099296496	0.000142324012705	127
-0.0858904328054	0.0017762595538	1
-0.044306816292	0.000959291783254	4
-0.015908248917	0.000346565955342	11
-0.000187613405802	-0.0133376442014	3
-0.00196252386674	-0.101161679535	1
-0.000441172043079	-0.00475948261059	3
-0.000187613405802	-0.0117037086603	8
-0.00120184795491	-0.0686872106561	1
-0.000948289317633	-0.0480587744497	2
-0.0417712299192	0.000755049840617	1
-0.000948289317633	-0.00496372455323	1
-0.0392356435464	0.000755049840617	2
0.00437644206518	0.000142324012705	3
-0.0341644708009	0.000755049840617	3
-0.0217400975743	0.000346565955342	5
-0.00703369661228	0.000142324012705	32
-0.000441172043079	-0.0264091285302	1
-0.00145540659219	-0.0742017431073	1
-0.000694730680356	-0.0288600318418	1
-0.000187613405802	-0.0170139991688	2
-0.00373743432768	-0.00026615987257	1
-0.000187613405802	-0.00639341815169	20
0.000826621143305	-6.19179299327e-05	92
-0.0879189019036	0.0017762595538	1
-0.00475166887679	0.000142324012705	35
-0.000694730680356	-0.0278388221286	1
-0.000187613405802	-0.0143588539146	8
-0.0334037948891	0.000755049840617	6
-0.0356858226246	0.00055080789798	1
-0.0620559209014	0.00136777566853	1
-0.00170896522946	-0.00332978901213	1
-0.000187613405802	-0.00557645038114	30
-0.000441172043079	-0.0196691444231	2
-0.0133726625442	0.000142324012705	1
-0.0399963194583	0.000755049840617	2
-0.000441172043079	-0.00108312764312	1
-0.0034838756904	-0.00026615987257	1
-0.000441172043079	-0.0292685157271	2
-0.0435461403802	0.000959291783254	2
-0.000441172043079	-0.0104782570044	1
-0.000187613405802	-0.00128736958576	47
-0.000441172043079	-0.00210433735631	4
0.00539067661429	0.000142324012705	1
-0.00145540659219	-0.0678702428856	1
-0.000948289317633	-0.0572496618684	1
-0.000441172043079	-0.00598493426642	1
-0.000694730680356	-0.00128736958576	3
-0.000694730680356	-0.0370297095473	2
0.00108017978058	-6.19179299327e-05	66
-0.0207258630252	0.000346565955342	5
-0.000187613405802	-0.00925280534862	15
-0.0328966776145	0.000755049840617	1
6.59452314745e-05	-0.00271706318422	52
-0.000948289317633	-0.0435654517117	1
-0.0815799359717	0.00157201761117	1
-0.0671270936469	0.00136777566853	1
-0.000187613405802	-0.00741462786488	16
-0.0349251467127	0.000755049840617	2
6.59452314745e-05	-0.00128736958576	125
-0.00246964114129	-0.00026615987257	1
-0.0146404557306	0.000346565955342	9
-0.0171760421034	-6.19179299327e-05	1
-0.00221608250402	-0.112394986381	1
-0.0034838756904	0.000142324012705	63
-0.00120184795491	-0.0574539038111	1
-0.000441172043079	-0.0108867408897	1
6.59452314745e-05	-0.00149161152839	108
-0.000441172043079	-0.0219158057921	1
-0.0123584279951	0.000142324012705	1
-0.000948289317633	-0.0560242102126	1
-0.000948289317633	-0.0255921607596	1
-0.000694730680356	-0.0374381934326	1
-0.21114839962	0.00443140480809	1
-0.000948289317633	-0.0576581457537	1
-0.000441172043079	-0.0243667091038	1
-0.000694730680356	-0.000470401815208	10
-0.00373743432768	0.000142324012705	126
-0.0564776308813	0.00116353372589	2
-0.0126119866324	0.000142324012705	2
0.00184085569241	0.000142324012705	20
-0.000187613405802	-0.00373827289741	63
-0.0361929398991	0.000755049840617	2
-0.0225007734862	0.00055080789798	2
-0.0227543321234	0.000346565955342	1
-0.000441172043079	-0.00843583757807	1
-0.000948289317633	-0.000674643757845	2
-0.006780137975	-0.00108312764312	1
-0.0585060999795	0.00116353372589	1
-0.000694730680356	-0.0327406287519	2
-0.000441172043079	-0.00230857929894	4
-0.000694730680356	-0.0302897254403	1
-0.000694730680356	-0.00659766009433	1
-0.0476030785766	0.000959291783254	2
-0.00170896522946	-6.19179299327e-05	50
-0.0372071744482	0.000755049840617	1
-0.000694730680356	-0.00210433735631	1
-0.000694730680356	-0.0315151770961	1
-0.00221608250402	-0.000674643757845	1
-0.0118513107205	-6.19179299327e-05	1
-0.00196252386674	-0.000470401815208	1
-0.00551234478862	0.000142324012705	35
-0.00221608250402	-0.12628343848	1
-0.00170896522946	-0.0913580662889	1
-0.00170896522946	-0.0938089696005	1
-0.000441172043079	-0.00149161152839	1
-0.0212329802998	0.000346565955342	2
-0.0506457822239	0.00116353372589	2
-0.000187613405802	-0.0145630958572	8
0.00234797296697	-6.19179299327e-05	4
-0.0737196182161	0.00157201761117	1
-0.0427854644683	0.000959291783254	2
-0.000441172043079	-0.0262048865875	3
-0.000187613405802	-0.00394251484004	39
-0.000441172043079	-0.0129291603161	2
-0.000948289317633	-0.0117037086603	1
6.59452314745e-05	-0.00108312764312	174
-0.00246964114129	-6.19179299327e-05	7
6.59452314745e-05	-0.00312554706949	50
-0.00145540659219	-0.0784908239027	1
-0.00931572434777	0.000142324012705	13
-0.000694730680356	-0.0437696936543	1
6.59452314745e-05	-0.00292130512686	97
-0.0128655452696	-0.00128736958576	1
-0.000441172043079	-0.015788547513	2
0.0107154079971	0.000142324012705	1
-0.224840566033	0.0034101950949	1
-0.000694730680356	-6.19179299327e-05	315
-0.00120184795491	-0.0680744848282	1
-0.000187613405802	-0.00904856340598	12
-0.027825504869	0.00055080789798	5
-0.000187613405802	-0.00986553117653	12
-0.00652657933772	0.000142324012705	21
-0.00120184795491	-0.00169585347103	1
6.59452314745e-05	-0.00190009541367	102
-0.000187613405802	-0.011295224775	5
-0.00221608250402	-0.000878885700482	1
-0.000441172043079	-0.00639341815169	1
-0.00804793116139	0.000142324012705	17
-0.00323031705313	0.000142324012705	46
-0.000187613405802	-0.0104782570044	10
-0.0440532576547	0.000959291783254	5
-0.00196252386674	-0.0976895665106	1
0.000319503868751	-0.000470401815208	1
-0.036953615811	0.000755049840617	2
-0.000441172043079	-0.020894596079	2
-0.0296004153299	0.00055080789798	2
-0.000441172043079	-0.020281870251	4
-0.000441172043079	-0.00455524066796	2
-0.000441172043079	-0.0215073219069	6
-0.00120184795491	-0.0690956945414	1
-0.000187613405802	-0.00312554706949	12
-0.000441172043079	-0.0168097572262	2
-0.011344193446	0.000142324012705	6
-0.000694730680356	-0.0215073219069	1
0.00868693889889	0.000346565955342	1
-0.000441172043079	-0.0147673377998	1
-0.0384749676346	0.000755049840617	3
-0.00221608250402	-6.19179299327e-05	7
-0.000694730680356	-0.034374564293	1
-0.00576590342589	0.000142324012705	18
6.59452314745e-05	-0.00026615987257	1535
-0.000441172043079	-0.00516796649587	1
-0.00221608250402	0.000142324012705	12
6.59452314745e-05	-0.00353403095477	3
-0.000441172043079	-0.0315151770961	1
-0.0209794216625	0.000346565955342	6
-0.00196252386674	-0.0960556309695	2
-0.00196252386674	-6.19179299327e-05	12
-0.000694730680356	-0.0188521766526	1
-0.0164153661915	0.000346565955342	7
-0.0192045112016	0.000346565955342	1
0.00285509024152	0.000142324012705	7
-0.0174296007406	0.000346565955342	8
-0.000694730680356	-0.00108312764312	1
-0.000187613405802	-0.0108867408897	14
-0.0331502362518	0.000755049840617	2
-0.00170896522946	-0.0921750340594	1
-0.0557169549694	0.00116353372589	1
-0.0126119866324	-0.00190009541367	1
-0.000187613405802	-0.000470401815208	64
-0.0255434771335	0.00055080789798	4
-0.000948289317633	-0.0433612097691	2
-0.000441172043079	-0.00026615987257	50
-0.000948289317633	-0.043973935597	1
-0.000694730680356	-0.0225285316201	1
-0.000441172043079	-0.00169585347103	1
-0.000187613405802	-0.00251282124158	12
-0.000441172043079	-0.0274303382433	2
-0.0034838756904	-0.176935440254	1
-0.000441172043079	-0.0178309669394	7
-0.0415176712819	0.000755049840617	1
-0.000441172043079	-0.0260006446449	3
-0.00627302070045	0.000142324012705	17
-0.000187613405802	-0.0102740150618	17
0.00944761481072	0.000346565955342	1
-0.00170896522946	-0.0188521766526	1
-0.0115977520833	0.000346565955342	4
-0.0483637544884	0.000755049840617	1
-0.0118513107205	0.000346565955342	6
-0.00652657933772	-0.00026615987257	1
-0.00120184795491	-0.0629684362623	1
6.59452314745e-05	-0.00169585347103	133
-0.015908248917	-6.19179299327e-05	1
-0.000187613405802	-0.00537220843851	21
-0.00170896522946	-0.0862520177229	1
-0.00323031705313	-0.177343924139	1
-0.0247828012217	0.00055080789798	10
-0.0197116284761	0.000346565955342	8
-0.000441172043079	-0.0172182411115	2
-0.154097706233	0.00320595315227	1
-0.24284332928	0.005044130636	1
-0.000187613405802	-0.0149715797425	8
-0.000694730680356	-0.0390721289737	1
-0.0346715880755	0.000755049840617	4
-0.000694730680356	-0.0300854834976	1
-0.0455746094784	0.000959291783254	2
-0.000694730680356	-0.00312554706949	1
-0.0105835175342	0.000142324012705	6
-0.000948289317633	-0.0429527258838	1
-0.00323031705313	-0.000674643757845	1
-0.00424455160223	-6.19179299327e-05	4
-0.0587596586168	0.00116353372589	1
-0.0450674922038	0.000959291783254	4
-0.0133726625442	0.000346565955342	6
-0.00399099296496	-0.00904856340598	1
-0.00120184795491	-0.055207242442	1
-0.000441172043079	-0.0184436927673	3
-0.000694730680356	-0.0200776283084	1
-0.0468424026648	0.000959291783254	1
-0.00145540659219	-0.0817586949849	1
-0.0430390231056	0.000959291783254	2
-0.0318824430654	0.000142324012705	1
-0.0138797798188	0.000346565955342	8
-0.00221608250402	-0.11852224466	1
-0.00120184795491	-0.0590878393522	1
-0.000187613405802	-0.000674643757845	45
-0.000187613405802	-0.00414675678268	50
-0.000948289317633	-0.00578069232378	1
-0.00399099296496	-0.000674643757845	1
0.00260153160424	0.000142324012705	11
-0.0354322639873	-0.00026615987257	1
-0.0394892021837	0.000755049840617	4
6.59452314745e-05	-6.19179299327e-05	77549
-0.00424455160223	-0.00312554706949	1
-0.00221608250402	-0.11545861552	1
-0.000948289317633	-0.00108312764312	3
-0.00424455160223	0.000142324012705	53
-0.0600274518031	0.00116353372589	1
-0.000694730680356	-0.032127902924	1
-0.0313753257909	-0.000470401815208	1
-0.000948289317633	-0.0517351294172	1
-0.000694730680356	-0.00026615987257	37
-0.000441172043079	-0.0270218543581	1
-0.000948289317633	-0.0578623876963	1
-0.00297675841585	-0.00026615987257	1
-0.00551234478862	-0.00026615987257	1
-0.000441172043079	-0.0296769996124	2
-0.000441172043079	-0.00373827289741	1
-0.000187613405802	-0.0106824989471	14
-0.000948289317633	-0.0306982093255	1
-0.026050594408	0.00055080789798	6
-0.0268112703199	0.000346565955342	1
0.00386932479063	0.000142324012705	2
-0.239546966995	0.00483988869337	1
-0.0202187457507	0.000346565955342	11
-0.000694730680356	-0.043973935597	1
-0.0235150080353	0.00055080789798	3
-0.000441172043079	-0.0233454993906	2
-0.000187613405802	-0.00496372455323	35
-0.000441172043079	-0.0237539832759	2
-0.000441172043079	-0.0139503700293	1
-0.000694730680356	-0.0108867408897	1
-0.000187613405802	-0.00353403095477	63
-0.0460817267529	0.000959291783254	1
-0.000441172043079	-0.0153800636277	2
-0.0293468566926	0.00055080789798	4
-0.0311217671536	0.00055080789798	1
-0.000694730680356	-0.00230857929894	3
-0.000694730680356	-0.0280430640713	1
0.00158729705514	0.000142324012705	31
-0.000948289317633	-0.0466290808513	2
-0.00196252386674	-0.00128736958576	1
-0.000948289317633	-0.000470401815208	5
-0.000694730680356	-0.0409103064574	1
-0.000948289317633	-0.0476502905645	2
-0.000187613405802	-0.013541886144	6
-0.0154011316424	0.000346565955342	11
-0.0907080469137	0.00136777566853	1
-0.0379678503601	0.000755049840617	3
-0.00120184795491	-0.000878885700482	1
-0.000187613405802	-0.00169585347103	34
-0.000441172043079	-0.000674643757845	8
-0.0169224834661	0.000346565955342	13
-0.00196252386674	-0.106471970044	1
-0.000694730680356	-0.0345788062357	2
-0.0121048693578	0.000346565955342	3
0.00108017978058	0.000142324012705	5
-0.000694730680356	-0.00292130512686	1
-0.00170896522946	-0.0931962437726	1
-0.000948289317633	-6.19179299327e-05	139
-0.000187613405802	-0.0155843055704	3
-0.00373743432768	-6.19179299327e-05	2
-0.000441172043079	-0.0294727576697	2
-0.000441172043079	-0.00251282124158	1
6.59452314745e-05	-0.00210433735631	65
-0.000694730680356	-0.0294727576697	1
0.0041228834279	0.000142324012705	3
-0.000441172043079	-0.0176267249968	6
-0.000694730680356	-0.0435654517117	1
-0.0118513107205	0.000142324012705	6
-0.0303610912418	0.00055080789798	1
-0.000948289317633	-0.0482630163924	1
-0.00449811023951	-0.000470401815208	1
-0.000187613405802	-0.0139503700293	11
-0.000948289317633	-0.050713919704	2
-0.0521671340476	0.00116353372589	1
-0.000441172043079	-0.0159927894557	2
-0.0126119866324	0.000346565955342	8
-0.0123584279951	0.000346565955342	4
-0.00221608250402	-0.00026615987257	2
-0.000948289317633	-0.0492842261056	2
-0.000187613405802	-0.00761886980752	13
-0.00145540659219	-0.0223242896774	1
-0.0318824430654	0.00055080789798	1
-0.000694730680356	-0.0425442419985	1
-0.00196252386674	0.000142324012705	10
-0.0270648289572	0.00055080789798	3
6.59452314745e-05	-0.000878885700482	249
-0.0463352853902	0.000959291783254	1
-0.000441172043079	-0.0266133704728	2
-0.0539420445085	0.00116353372589	1
-0.00170896522946	-0.000470401815208	7
-0.0242756839471	0.00055080789798	4
-0.0148940143679	0.000346565955342	6
-0.000187613405802	-0.00578069232378	21
-0.000187613405802	-0.0159927894557	4
-0.000948289317633	-0.048467258335	3
-0.0199651871134	0.000346565955342	8
-0.0194580698388	0.000346565955342	5
0.00133373841786	-6.19179299327e-05	55
-0.000694730680356	-0.00537220843851	1
-0.00221608250402	-0.115050131635	1
-0.0034838756904	-0.000470401815208	2
-0.023261449398	0.00055080789798	4
-0.00145540659219	-0.0735890172794	1
-0.00145540659219	-0.000674643757845	1
-0.000441172043079	-0.0198733863658	2
-0.000187613405802	-0.0121121925455	13
-0.00728725524956	0.000142324012705	18
-0.000948289317633	-0.0496927099908	1
-0.018697393927	0.000346565955342	9
-0.0501386649493	0.00116353372589	1
-0.00196252386674	-0.0944216954284	1
-0.000441172043079	-0.00353403095477	5
-0.000187613405802	-0.0129291603161	9
-0.000441172043079	-0.025387918817	1
-0.00145540659219	-0.00026615987257	4
-0.000694730680356	-0.0443824194823	1
-0.0288397394181	0.00055080789798	1
-0.0321360017027	0.000755049840617	1
6.59452314745e-05	-0.00332978901213	20
-0.000187613405802	-6.19179299327e-05	2469
-0.00145540659219	-0.000470401815208	3
-0.00754081388683	0.000142324012705	18
-0.0214865389371	0.000346565955342	3
-0.00323031705313	-0.169582730319	1
-0.0531813685967	0.00116353372589	2
-0.000694730680356	-0.0329448706946	2
-0.000187613405802	-0.00190009541367	38
-0.121135083387	0.00259322732435	1
-0.000187613405802	-0.0141546119719	6
-0.000187613405802	-0.00618917620906	20
-0.000187613405802	-0.00945704729125	12
-0.0364464985364	0.000755049840617	3
-0.221544303749	0.00443140480809	1
-0.000948289317633	-0.0523478552451	1
-0.000694730680356	-0.00721038592224	1
-0.000948289317633	-0.0494884680482	1
-0.000694730680356	-0.0347830481783	2
-0.000694730680356	-0.0172182411115	1
-0.000694730680356	-0.0386636450884	1
-0.000441172043079	-0.0257964027022	3
-0.000948289317633	-0.055207242442	1
6.59452314745e-05	-0.00230857929894	50
-0.00221608250402	-0.108310147528	1
-0.000441172043079	-0.000470401815208	9
-0.000441172043079	-0.00761886980752	2
-0.0458281681156	0.000959291783254	3
-0.000187613405802	-0.0147673377998	2
-0.000187613405802	-0.00435099872532	43
-0.0189509525643	0.000346565955342	5
-0.000694730680356	-0.0351915320636	1
-0.000441172043079	-0.00537220843851	1
-0.0131191039069	0.000346565955342	10
-0.000187613405802	-0.00864007952071	6
-0.000694730680356	-0.0433612097691	1
-0.0263041530453	0.00055080789798	1
-0.000187613405802	-0.00210433735631	20
-0.0344180294382	0.000755049840617	1
-0.00449811023951	0.000142324012705	37
-0.00272319977857	-0.00026615987257	3
-0.000441172043079	-0.0302897254403	1
-0.000948289317633	-0.0229370155053	1
-0.000441172043079	-0.00945704729125	1
-0.000441172043079	-0.0245709510464	3
-0.0273183875944	0.00055080789798	4
-0.000948289317633	-0.0108867408897	1
-0.00145540659219	-0.0768568883616	1
-0.000187613405802	-0.00455524066796	44
0.000319503868751	-0.00251282124158	1
-0.020472304388	0.000346565955342	9
-0.000441172043079	-0.0286557898992	1
-0.0212329802998	0.00055080789798	5
-0.0240221253098	0.00055080789798	5
-0.000187613405802	-0.0131334022587	5
-0.0412641126447	0.000959291783254	1
-0.000694730680356	-0.00251282124158	2
-0.00145540659219	-6.19179299327e-05	110
-0.00145540659219	-0.0703211461972	1
-0.000187613405802	-0.00782311175016	16
-0.000694730680356	-0.0356000159488	1
-0.00500522751406	0.000142324012705	32
-0.00830148979866	0.000142324012705	12
-0.0151475730051	0.000346565955342	7
-0.00272319977857	0.000142324012705	6
-0.0209794216625	0.00055080789798	2
-0.000187613405802	-0.00516796649587	28
-0.00297675841585	-0.161821536499	1
-0.00221608250402	-0.0999362278796	1
-0.000187613405802	-0.00966128923389	11
-0.000187613405802	-0.0123164344882	14
-0.0354322639873	0.000755049840617	2
-0.00956928298505	0.000142324012705	16
-0.000441172043079	-0.0225285316201	3
-0.00120184795491	-0.0584751135242	1
-0.00120184795491	-0.0380509192605	1
-0.000441172043079	-0.0288600318418	1
-0.000694730680356	-0.0227327735627	1
-0.0121048693578	0.000142324012705	2
-0.000694730680356	-0.00639341815169	1
0.0031086488788	0.000142324012705	11
-0.0437996990174	0.000959291783254	1
-0.000441172043079	-0.0182394508247	4
-0.0100764002596	0.000142324012705	9
-0.000441172043079	-0.0239582252185	2
-0.0326431189772	-0.000674643757845	1
-0.000187613405802	0.000142324012705	4
-0.000948289317633	-0.046220596966	1
-0.000441172043079	-0.0194649024805	6
-0.0103299588969	0.000142324012705	7
-0.000694730680356	-0.00823159563543	1
-0.047095961302	0.000959291783254	1
-0.0432925817429	0.000959291783254	1
-0.000694730680356	-0.0411145484001	1
-0.0290932980554	0.00055080789798	2
-0.000694730680356	-0.0333533545798	2
-0.000441172043079	-0.0249794349317	1
-0.000441172043079	-6.19179299327e-05	493
-0.000441172043079	-0.0306982093255	2
-0.00373743432768	-0.000878885700482	1
-0.00323031705313	-0.0215073219069	1
-0.000441172043079	-0.0251836768743	3
-0.000187613405802	-0.0166055152836	2
-0.00475166887679	-0.00230857929894	1
-0.00120184795491	-0.0705253881398	1
-0.00120184795491	-0.0633769201475	1
-0.00120184795491	-0.0621514684917	1
-0.000948289317633	-0.0531648230157	1
-0.0237685666726	0.00055080789798	4
-0.000694730680356	-0.000878885700482	3
-0.000187613405802	-0.00271706318422	15
-0.000948289317633	-0.0460163550234	1
-0.000694730680356	-0.0392763709163	1
-0.000948289317633	-0.0550030004994	1
-0.0387285262719	0.000755049840617	1
-0.000187613405802	-0.00230857929894	21
0.000826621143305	0.000142324012705	3
-0.0650986245487	0.00136777566853	1
-0.0339109121636	0.000755049840617	3
-0.000187613405802	-0.015788547513	11
-0.000694730680356	-0.0353957740062	2
-0.000441172043079	-0.0161970313983	3
-0.00170896522946	-0.0411145484001	1
-0.00170896522946	-0.0995277439944	1
-0.0478566372139	0.000959291783254	2
-0.00120184795491	-0.0137461280866	1
-0.0326431189772	0.000755049840617	1
-0.00196252386674	-0.105246518388	1
-0.0108370761714	0.000142324012705	6
-0.006780137975	0.000142324012705	15
0.00589779388884	0.000142324012705	3
-0.0115977520833	-0.00618917620906	1
-0.00779437252411	-0.000674643757845	1
-0.000187613405802	-0.0137461280866	11
-0.000187613405802	-0.00026615987257	89
-0.000441172043079	-0.011295224775	1
0.00234797296697	0.000142324012705	11
-0.0257970357708	0.00055080789798	5
-0.000441172043079	-0.00557645038114	1
-0.000948289317633	-0.0535733069009	1
-0.000187613405802	-0.0164012733409	2
-0.000694730680356	-0.0137461280866	1
-0.00120184795491	-0.000470401815208	5
-0.000948289317633	-0.0570454199258	1
-0.000441172043079	-0.0190564185952	3
-0.0252899184962	0.00055080789798	1
-0.00196252386674	-0.00026615987257	1
-0.00399099296496	-0.000470401815208	1
-0.0176831593779	0.000346565955342	4
-0.0184438352897	0.000346565955342	11
-0.0230078907607	0.00055080789798	5
0.00158729705514	-6.19179299327e-05	12
-0.000441172043079	-0.0255921607596	3
-0.0110906348087	0.000142324012705	8
-0.000694730680356	-0.0349872901209	1
-0.000187613405802	-0.00823159563543	16
-0.000441172043079	-0.0210988380216	5
0.0041228834279	-6.19179299327e-05	1
-0.000694730680356	-0.0362127417768	3
-0.0275719462317	0.00055080789798	4
-0.000948289317633	-0.00210433735631	1
-0.030614649879	0.00055080789798	3
-0.00373743432768	-0.199197912001	1
-0.0377142917228	0.000755049840617	3
-0.000948289317633	-0.0503054358187	2
-0.000948289317633	-0.0472418066792	1
-0.0283326221435	0.00055080789798	3
-0.0508993408612	0.00116353372589	1
-0.000948289317633	-0.0547987585568	1
-0.000441172043079	-0.0213030799642	6
0.000319503868751	-0.00169585347103	1
-0.014133338456	0.000346565955342	13
-0.0359393812618	0.000755049840617	1
-0.00601946206317	0.000142324012705	12
0.00184085569241	-6.19179299327e-05	2
-0.000441172043079	-0.0272260963007	1
-0.0136262211815	0.000346565955342	8
-0.0171760421034	0.000346565955342	5
-0.000187613405802	-0.00659766009433	25
-0.000441172043079	-0.0100697731192	1
-0.000441172043079	-0.00578069232378	2
-0.0245292425844	0.00055080789798	5
-0.0313753257909	0.00055080789798	2
-0.0486173131257	0.000959291783254	2
-0.000187613405802	-0.0100697731192	14
-0.00424455160223	-0.000470401815208	1
-0.000441172043079	-0.0166055152836	3
-0.0298539739672	0.00055080789798	5
-0.000948289317633	-0.0456078711381	1
-0.0336573535264	0.000755049840617	2
-0.000187613405802	-0.00700614397961	24
-0.0285861807808	0.00055080789798	3
-0.000441172043079	-0.0170139991688	2
-0.00272319977857	-0.147116116629	1
-0.000948289317633	0.000142324012705	2
-0.0161618075542	0.000346565955342	7
0.00209441432969	0.000142324012705	26
-0.000441172043079	0.000142324012705	4
-0.00272319977857	-0.149975503826	1
-0.000187613405802	-0.000878885700482	70
-0.0579989827049	0.00116353372589	2
-0.000187613405802	-0.0127249183735	14
-0.0219936562116	0.00055080789798	4
-0.0222472148489	0.000346565955342	2
-0.0316288844281	0.000755049840617	1
-0.000441172043079	-0.0145630958572	1
-0.000694730680356	-0.00271706318422	1
0.00336220751607	0.000142324012705	8
-0.0166689248288	0.000346565955342	3
-0.000948289317633	-0.0478545325071	2
-0.000441172043079	-0.0247751929891	5
-0.000441172043079	-0.0280430640713	2
-0.00475166887679	-6.19179299327e-05	1
-0.000441172043079	-0.0241624671612	3
-0.000948289317633	-0.0513266455319	2
-0.000694730680356	-0.0376424353752	2
-0.000441172043079	-0.0206903541363	3
0.000319503868751	0.000142324012705	1
-0.0445603749293	0.000959291783254	1
-0.00221608250402	-0.110761050839	1
-0.000694730680356	-0.0274303382433	1
-0.0374607330855	0.000755049840617	1
-0.0422783471938	0.000959291783254	2
-0.00170896522946	0.000142324012705	1
0.00133373841786	0.000142324012705	13
-0.00246964114129	-0.133840390357	1
-0.0181902766525	0.000346565955342	13
-0.0214865389371	0.00055080789798	5
-0.0118513107205	-0.00026615987257	1
-0.000187613405802	-0.00292130512686	26
-0.000694730680356	-0.0402975806295	2
-0.00880860707322	0.000142324012705	18
-0.000441172043079	-0.000878885700482	3
-0.0268112703199	0.00055080789798	6
-0.00120184795491	-0.00026615987257	11
-0.0356858226246	0.000755049840617	5
-0.00779437252411	0.000142324012705	25
-0.000187613405802	-0.0110909828324	22
-0.000187613405802	-0.00108312764312	52
-0.0318824430654	0.000755049840617	2
-0.000441172043079	-0.0311066932108	2
-0.00196252386674	-0.00149161152839	1
-0.000948289317633	-0.00721038592224	1
-0.000694730680356	-0.0358042578915	3
-0.000694730680356	-0.0360084998341	1
0.000319503868751	-6.19179299327e-05	209
-0.000694730680356	-0.0319236609814	3
0.00209441432969	-6.19179299327e-05	2
-0.000948289317633	-0.0447909033675	1
-0.00399099296496	-0.00312554706949	1
