-0.000470401815208	-0.0617840877861	1
-0.00496372455323	-0.000640181055761	2
-0.00026615987257	-0.0332344037097	2
-6.19179299327e-05	-0.00397097753135	42
-6.19179299327e-05	-0.0180079055356	2
-0.0123164344882	-0.00016435298782	1
-6.19179299327e-05	-0.00468471963326	32
-6.19179299327e-05	-0.00849134417678	13
-0.000470401815208	-0.0696352509072	1
-0.0210988380216	7.35610461501e-05	2
-0.000470401815208	-0.0751072736885	1
-0.0219158057921	7.35610461501e-05	1
-0.00394251484004	-0.000402267021791	3
-0.0358042578915	0.00031147508012	3
-0.0100697731192	7.35610461501e-05	14
-0.11852224466	0.001263131216	1
-0.00639341815169	-0.000640181055761	1
-0.00761886980752	-0.00539846173517	1
-0.0578623876963	0.00031147508012	1
-0.0345788062357	0.000549389114091	1
-0.00026615987257	-0.0398959966609	1
-0.000470401815208	-0.0458438475101	1
-0.000470401815208	-0.062735743922	1
-0.00026615987257	-0.00278140736149	1
-6.19179299327e-05	7.35610461501e-05	77549
-6.19179299327e-05	-0.00872925821075	11
-0.0331491126372	0.000549389114091	1
-0.000470401815208	-0.0517916983594	1
-0.000674643757845	-0.108891066512	1
-0.00128736958576	-0.145053999676	1
-0.136699777554	0.00150104524997	1
0.005044130636	7.35610461501e-05	1
-0.00312554706949	7.35610461501e-05	58
-0.00026615987257	7.35610461501e-05	1264
0.00116353372589	7.35610461501e-05	21
-0.00026615987257	-0.0258590686566	1
-0.000470401815208	-0.0582153772766	1
-0.00823159563543	-0.000640181055761	1
-0.020894596079	7.35610461501e-05	1
-0.112394986381	0.00150104524997	1
-0.00026615987257	-0.0120600546863	1
-0.0188521766526	-0.00135392315767	1
-0.0292685157271	0.00031147508012	2
-0.00026615987257	-0.000402267021791	14
-0.062559952377	0.000787303148061	1
-6.19179299327e-05	-0.0172941634337	7
-6.19179299327e-05	-0.00777760207487	16
-0.0817586949849	0.000787303148061	1
-0.000878885700482	-0.000402267021791	2
-0.000674643757845	-0.0722523052808	1
-0.023141257448	-0.000402267021791	1
-0.0296769996124	0.00031147508012	3
0.00157201761117	7.35610461501e-05	3
-0.00026615987257	-0.0287140370643	2
-0.0368254676047	0.00031147508012	1
-0.00026615987257	-0.0351377159815	2
0.000142324012705	-0.0011160091237	1
-0.0862520177229	0.000787303148061	1
-0.000470401815208	-0.0401339106948	1
-0.0168097572262	7.35610461501e-05	1
-0.000470401815208	-0.000402267021791	5
-0.00210433735631	-0.000402267021791	5
-0.115050131635	0.00150104524997	1
-0.0705253881398	0.00102521718203	1
-0.00475948261059	-0.000640181055761	2
-0.0272260963007	0.00031147508012	1
-0.0699126623119	0.000787303148061	1
-0.0266133704728	0.00031147508012	1
-0.00026615987257	-0.0375168563212	1
-0.0460163550234	0.000549389114091	1
-0.0143588539146	0.00031147508012	2
-0.00598493426642	7.35610461501e-05	22
-0.00455524066796	-0.129827501502	1
-0.00149161152839	7.35610461501e-05	112
-0.00496372455323	-0.00016435298782	1
-0.00210433735631	-0.00016435298782	12
-0.020894596079	0.00031147508012	1
-0.00026615987257	-0.0515537843254	1
-6.19179299327e-05	-0.0161045932638	7
-0.055207242442	0.000549389114091	2
-0.000674643757845	-0.0760589298244	1
-6.19179299327e-05	-0.00968091434663	11
-0.0186479347099	7.35610461501e-05	2
-0.101161679535	0.001263131216	1
-6.19179299327e-05	-0.00658803190502	17
-0.00026615987257	-0.0396580826269	1
-0.0266133704728	7.35610461501e-05	1
-0.0486715002776	0.000549389114091	1
-0.000674643757845	-0.0701110789751	1
-6.19179299327e-05	-0.0127737967882	2
-0.0351915320636	0.000549389114091	1
-0.000674643757845	-0.0929508262363	1
-6.19179299327e-05	-0.023004100249	2
-0.0300854834976	0.00031147508012	3
-0.023141257448	7.35610461501e-05	1
-0.0131334022587	7.35610461501e-05	5
-6.19179299327e-05	-0.00420889156532	22
-0.000470401815208	-0.0406097387628	1
-0.00026615987257	-0.0408476527968	2
-0.0629684362623	0.000787303148061	1
-0.00925280534862	7.35610461501e-05	15
-0.0353957740062	0.00031147508012	2
-0.00108312764312	-0.126258790992	1
-0.000470401815208	-0.0453680194422	1
-0.0386636450884	0.000549389114091	1
-0.0190564185952	0.00031147508012	1
-0.0302897254403	0.00031147508012	2
-0.0282473060139	0.00031147508012	2
-0.00108312764312	-0.0900958578286	1
-6.19179299327e-05	-0.00991882838061	10
-0.000470401815208	-0.054884580801	1
-0.00414675678268	-0.00016435298782	2
-0.00190009541367	-0.00016435298782	23
-0.0319236609814	-0.00016435298782	1
-0.000470401815208	-0.00135392315767	1
-6.19179299327e-05	-0.0234799283169	2
-0.0480587744497	0.000549389114091	2
-0.00251282124158	-0.00444680559929	1
-0.0114994667176	7.35610461501e-05	8
-0.0262048865875	0.00031147508012	2
-6.19179299327e-05	-0.0108704845165	13
0.000142324012705	-0.000640181055761	2
-0.00026615987257	-0.00849134417678	1
-0.0168097572262	0.00031147508012	4
-0.00210433735631	-0.023004100249	1
-0.000470401815208	-0.0701110789751	1
-0.00578069232378	7.35610461501e-05	18
-0.0429527258838	0.00031147508012	2
-0.00230857929894	-0.00016435298782	14
-0.000674643757845	-0.0996124191874	1
-6.19179299327e-05	-0.00444680559929	10
-6.19179299327e-05	0.000787303148061	14
-0.0488757422203	0.000549389114091	1
-0.00496372455323	-0.000402267021791	1
-0.000674643757845	-0.0822446947076	1
-0.000674643757845	-0.00016435298782	93
-0.00271706318422	7.35610461501e-05	55
-0.0194649024805	0.00031147508012	5
-0.0466290808513	0.000549389114091	2
-0.00026615987257	-0.0284761230303	4
-0.00659766009433	-0.00016435298782	1
-0.00966128923389	7.35610461501e-05	9
-0.0437696936543	0.000549389114091	2
0.0034101950949	7.35610461501e-05	1
-6.19179299327e-05	-0.0213387020112	1
-0.00026615987257	-0.0163425072978	1
-0.000470401815208	-0.0558362369369	1
-0.0257964027022	7.35610461501e-05	1
-0.0306982093255	-0.000402267021791	1
-6.19179299327e-05	-0.000878095089731	111
-0.0237539832759	0.00031147508012	2
-0.00026615987257	-0.0320448335398	3
-6.19179299327e-05	-0.0101567424146	9
-0.00864007952071	7.35610461501e-05	6
-0.0153800636277	7.35610461501e-05	2
-0.0166055152836	-0.00492263366723	1
-0.00761886980752	-0.00135392315767	1
-0.0360084998341	0.00031147508012	1
-6.19179299327e-05	-0.00135392315767	83
-0.000470401815208	-0.0527433544953	1
-0.00026615987257	-0.0232420142829	1
-0.0409103064574	0.00031147508012	1
-0.0104782570044	7.35610461501e-05	10
-6.19179299327e-05	-0.0163425072978	4
-0.0433612097691	0.00031147508012	1
-0.015788547513	0.00031147508012	6
-0.00026615987257	-0.0172941634337	3
-0.00680190203697	-0.000640181055761	1
-6.19179299327e-05	-0.00587428980311	19
-0.0319236609814	0.00031147508012	1
-0.00680190203697	-0.00420889156532	1
-0.00026615987257	-0.0329964896757	3
-0.0756314367058	0.000787303148061	1
-0.0106824989471	-0.000878095089731	1
-0.00026615987257	-0.0161045932638	1
0.00136777566853	7.35610461501e-05	9
-0.0390721289737	0.000549389114091	1
-6.19179299327e-05	-0.00539846173517	19
-6.19179299327e-05	-0.015152937128	7
-0.0235497413332	0.00031147508012	2
-6.19179299327e-05	-0.0208628739432	1
-0.00026615987257	-0.0051605477012	1
-6.19179299327e-05	-0.0118221406524	8
-0.12628343848	0.00150104524997	1
-0.00026615987257	-0.0251453265547	4
-0.0572496618684	0.000787303148061	1
-0.000674643757845	-0.0839100929454	1
-0.0435654517117	0.000549389114091	2
-0.00516796649587	-0.000878095089731	1
-0.0458121130807	0.000549389114091	1
-0.0270218543581	0.00031147508012	1
-0.0106824989471	7.35610461501e-05	14
-6.19179299327e-05	-0.0184837336035	2
-0.00292130512686	7.35610461501e-05	113
-0.00230857929894	7.35610461501e-05	62
-6.19179299327e-05	-0.00825343014281	17
-6.19179299327e-05	-0.01467710906	7
-0.0492842261056	0.00031147508012	1
-6.19179299327e-05	-0.0134875388902	10
-0.0274303382433	0.00031147508012	1
-0.00026615987257	-0.0241936704188	2
-0.00455524066796	-0.00016435298782	3
-0.0133376442014	7.35610461501e-05	3
-6.19179299327e-05	-0.022528272181	1
-0.00026615987257	-0.0244315844528	2
-0.0274303382433	-0.00016435298782	1
-0.0127249183735	-0.00016435298782	1
-0.00026615987257	-0.0213387020112	1
-0.00721038592224	-0.000640181055761	1
-0.000878885700482	-0.120786768211	1
-0.00128736958576	-0.000402267021791	2
-0.0172182411115	0.00031147508012	5
-0.176935440254	0.00197687331791	1
-0.000470401815208	-0.0567878930728	1
-0.000878885700482	7.35610461501e-05	253
-0.00353403095477	-0.00016435298782	5
-0.0176267249968	0.00031147508012	3
-0.020281870251	7.35610461501e-05	1
-0.0456078711381	0.000549389114091	1
-0.00026615987257	-0.0270486388265	1
-0.0110909828324	7.35610461501e-05	21
-0.00026615987257	-0.0011160091237	1
-0.0931962437726	0.00102521718203	1
-0.0306982093255	0.00031147508012	2
-0.00026615987257	-0.0184837336035	1
-6.19179299327e-05	-0.0113463125844	7
-0.000674643757845	-0.0767726719263	1
-0.00026615987257	-0.015152937128	1
-0.00966128923389	-0.00016435298782	2
-6.19179299327e-05	-0.00492263366723	27
-6.19179299327e-05	-0.0011160091237	98
-6.19179299327e-05	-0.0222903581471	2
-0.0686872106561	0.000787303148061	1
-0.0166055152836	0.00031147508012	3
-6.19179299327e-05	-0.0111083985505	6
-0.0533690649583	0.000549389114091	1
-0.0121121925455	7.35610461501e-05	13
-0.00026615987257	-0.0432267931365	2
-0.00026615987257	-0.0132496248562	1
-0.00026615987257	-0.0327585756418	3
-0.00537220843851	-0.00135392315767	1
-0.00026615987257	-0.0401339106948	1
0.00055080789798	7.35610461501e-05	145
-0.00557645038114	-0.00016435298782	1
-0.0137461280866	7.35610461501e-05	10
-6.19179299327e-05	-0.00301932139546	35
-0.00394251484004	7.35610461501e-05	35
-0.000878885700482	-0.124117564686	1
-0.0182394508247	7.35610461501e-05	1
-0.0584751135242	0.000549389114091	1
-0.000470401815208	-0.0553604088689	1
-0.133840390357	0.00150104524997	1
-6.19179299327e-05	-0.00182975122561	42
0.00259322732435	7.35610461501e-05	1
-6.19179299327e-05	-0.0194353897394	5
-0.0370297095473	0.000549389114091	1
-0.00312554706949	-0.00016435298782	4
-0.0221200477348	7.35610461501e-05	1
-0.00149161152839	-0.00016435298782	34
-0.00026615987257	-0.0341860598456	1
-0.00026615987257	-0.0458438475101	1
-0.149975503826	-0.00397097753135	1
0.000346565955342	7.35610461501e-05	300
-0.0102740150618	7.35610461501e-05	17
-0.000470401815208	-0.0601186895484	2
-6.19179299327e-05	-0.0103946564485	3
-0.00026615987257	-0.0356135440494	2
-0.0153800636277	0.00031147508012	2
-6.19179299327e-05	-0.0120600546863	8
-0.00026615987257	-0.0446542773403	2
-0.0938089696005	0.00102521718203	1
-0.0147673377998	7.35610461501e-05	1
-0.000674643757845	-0.0456059334762	1
-0.00455524066796	-0.000640181055761	1
-0.0503054358187	0.000549389114091	2
0.00320595315227	7.35610461501e-05	1
-0.029881241555	0.00031147508012	1
-0.0145630958572	7.35610461501e-05	7
-0.00639341815169	7.35610461501e-05	19
-6.19179299327e-05	-0.0137254529241	11
-0.0335575965225	0.00031147508012	2
-0.00618917620906	7.35610461501e-05	21
-0.00026615987257	-0.00301932139546	3
-0.00026615987257	-0.0256211546226	3
-0.00026615987257	-0.0299036072341	3
-0.00843583757807	-0.00016435298782	1
-0.108310147528	0.00150104524997	1
-0.0108867408897	7.35610461501e-05	16
0.0017762595538	7.35610461501e-05	2
-0.0184436927673	0.00031147508012	3
-0.00353403095477	-0.0161045932638	1
-0.0288600318418	7.35610461501e-05	1
-0.0325363868093	0.00031147508012	1
-0.0227327735627	0.00031147508012	5
-0.0129291603161	0.00031147508012	2
-6.19179299327e-05	-0.00254349332752	43
-0.00026615987257	-0.0346618879135	2
-0.0376424353752	0.00031147508012	2
-0.0944216954284	0.00102521718203	1
-0.00271706318422	-0.00016435298782	11
-0.00128736958576	-0.00016435298782	44
-0.00741462786488	-0.00016435298782	1
-0.0323321448666	0.00031147508012	2
-0.11545861552	0.00150104524997	1
-0.00026615987257	-0.0237178423509	3
-0.0213030799642	7.35610461501e-05	4
-0.0198733863658	7.35610461501e-05	2
-0.0333533545798	0.00031147508012	1
-0.00537220843851	-0.000640181055761	1
-0.0703211461972	0.000549389114091	1
-0.00516796649587	-0.00801551610884	1
-0.000878885700482	-0.113173519124	1
-0.000470401815208	-0.0610703456842	1
-0.00026615987257	-0.0118221406524	1
-6.19179299327e-05	-0.0211007879772	2
-6.19179299327e-05	-0.00230557929355	44
-0.0137461280866	-0.000640181055761	1
-0.0170139991688	0.00031147508012	3
-0.00026615987257	-0.0260969826906	4
0.00443140480809	7.35610461501e-05	2
-0.000470401815208	-0.0746314456205	1
-0.00394251484004	-0.00016435298782	1
-6.19179299327e-05	-0.0199112178074	1
-0.00169585347103	-0.00016435298782	26
-0.000470401815208	-0.0572637211407	1
-0.00026615987257	-0.0277623809284	1
-0.000470401815208	-0.0636874000579	1
-0.00026615987257	-0.0363272861513	1
-0.00026615987257	-0.0417993089326	2
-6.19179299327e-05	0.00031147508012	85
-6.19179299327e-05	0.00102521718203	8
-0.0402975806295	0.00031147508012	1
-0.0225285316201	7.35610461501e-05	1
-0.000470401815208	-0.0624978298881	1
-0.0678702428856	0.000549389114091	1
-0.00802735369279	-0.00016435298782	1
-0.0609260168359	0.000787303148061	1
0.000142324012705	7.35610461501e-05	1155
-0.00782311175016	7.35610461501e-05	16
-0.0268176124154	0.00031147508012	2
-0.000674643757845	-0.0525054404613	1
-6.19179299327e-05	-0.00706385997296	15
-0.000878885700482	-0.137916578657	1
-0.0172182411115	-0.00016435298782	1
0.00483988869337	7.35610461501e-05	1
-0.00149161152839	-0.196681345047	1
-6.19179299327e-05	-0.00325723542943	41
-0.00026615987257	-0.031093177404	1
-0.000674643757845	-0.105322356003	1
-6.19179299327e-05	-0.0187216476375	5
-0.00026615987257	-0.0189595616715	1
-0.043973935597	0.000549389114091	1
0.00055080789798	-0.00016435298782	2
-0.000878885700482	-0.0998503332214	1
-0.00823159563543	7.35610461501e-05	17
-0.0149715797425	0.00031147508012	4
-0.0217115638495	0.00031147508012	1
-0.00353403095477	-0.00492263366723	1
-0.00108312764312	0.00031147508012	1
-0.000470401815208	-0.0368031142193	1
-0.00026615987257	-0.0177699915016	2
-0.0392763709163	7.35610461501e-05	1
-0.000878885700482	-0.130065415536	1
-0.0159927894557	0.00031147508012	2
-0.00721038592224	7.35610461501e-05	25
-0.0274303382433	7.35610461501e-05	1
-0.00373827289741	-0.000402267021791	3
-0.00945704729125	7.35610461501e-05	12
-0.00026615987257	-0.0253832405887	2
-0.0995277439944	0.00102521718203	1
-0.00332978901213	7.35610461501e-05	55
-0.00475948261059	-0.00016435298782	2
-0.00026615987257	-0.0218145300791	2
-0.00026615987257	-0.00920508627869	1
-0.00026615987257	-0.0191974757054	2
-6.19179299327e-05	-0.0122979687203	6
-0.0149715797425	7.35610461501e-05	4
0.00198050149644	7.35610461501e-05	1
-0.0251836768743	0.00031147508012	3
-0.0976895665106	0.001263131216	1
-0.046220596966	0.000549389114091	1
-0.00373827289741	-0.0375168563212	1
-0.000470401815208	-0.0544087527331	1
-0.000470401815208	-0.0565499790388	1
-0.00026615987257	-0.0434647071704	2
-0.00026615987257	-0.0165804213318	2
-0.034374564293	0.00031147508012	1
-0.00026615987257	-0.0372789422872	1
-0.00026615987257	-0.0291898651322	1
-0.000470401815208	-0.00016435298782	152
-0.000674643757845	-0.000402267021791	4
-0.0356000159488	0.00031147508012	1
-0.0960556309695	0.00102521718203	1
-0.023141257448	0.00031147508012	3
-0.0650108556886	0.000787303148061	1
-0.000878885700482	-0.11412517526	1
-0.0513266455319	0.000549389114091	2
-0.00353403095477	7.35610461501e-05	58
-0.00986553117653	7.35610461501e-05	12
-0.00843583757807	7.35610461501e-05	21
-0.000470401815208	-0.046795503646	1
-0.00026615987257	-0.0360893721173	4
-0.0384594031458	0.000549389114091	1
-6.19179299327e-05	-0.00349514946341	25
-0.00251282124158	-0.000402267021791	5
-0.00026615987257	-0.0365652001853	2
-0.00026615987257	-0.0420372229666	1
-0.032127902924	0.00031147508012	1
-0.00292130512686	-0.00397097753135	1
-0.00292130512686	-0.00016435298782	5
-0.0290642737844	0.00031147508012	2
-0.00353403095477	-0.000402267021791	6
-0.0139503700293	0.00031147508012	4
-0.0200776283084	0.00031147508012	4
-0.00251282124158	0.00031147508012	1
-0.000470401815208	-0.0498883860876	1
-0.000470401815208	-0.00896717224472	1
-0.0345788062357	0.00031147508012	1
-0.00026615987257	-0.023004100249	1
-0.00026615987257	-0.00777760207487	1
-0.00026615987257	-0.000640181055761	3
-0.0129291603161	7.35610461501e-05	8
-0.0286557898992	7.35610461501e-05	1
-6.19179299327e-05	-0.0139633669581	10
-0.0535733069009	0.000549389114091	1
-6.19179299327e-05	-0.00373306349738	22
-0.00598493426642	-0.000640181055761	1
-0.00026615987257	-0.0498883860876	3
-0.00026615987257	-0.00016435298782	281
-0.0178309669394	7.35610461501e-05	3
-0.0425442419985	0.000549389114091	1
-0.169582730319	0.00221478735188	1
-0.000470401815208	-0.038944340525	1
-0.00516796649587	7.35610461501e-05	27
-6.19179299327e-05	-0.0115842266184	11
-0.000470401815208	-0.0372789422872	1
-0.0319236609814	0.000549389114091	1
-0.00128736958576	-0.157187615408	1
-0.177343924139	0.00221478735188	1
-0.00026615987257	-0.0322827475738	2
-0.00026615987257	-0.0358514580834	1
-0.000470401815208	-0.0294277791662	1
-0.0294727576697	0.00031147508012	3
-0.0110909828324	-0.00016435298782	1
-6.19179299327e-05	0.00150104524997	1
-0.000470401815208	-0.0598807755144	1
-0.0192606605379	7.35610461501e-05	1
-0.0960556309695	0.001263131216	1
-0.00026615987257	-0.0282382089963	3
-0.0229370155053	7.35610461501e-05	1
-0.0492842261056	0.000787303148061	1
-0.00373827289741	-0.00016435298782	2
-0.00026615987257	-0.038706426491	1
-0.00721038592224	-0.000402267021791	1
-0.0433612097691	0.000549389114091	2
-0.0204861121937	0.00031147508012	3
-0.00210433735631	-0.0284761230303	1
-0.000470401815208	-0.0522675264273	2
-0.00414675678268	7.35610461501e-05	48
-0.00312554706949	-0.000402267021791	4
-0.0215073219069	0.00031147508012	4
-0.000674643757845	-0.0912854279985	1
-0.00026615987257	-0.0353756300154	1
-0.00026615987257	-0.00706385997296	1
-0.0262048865875	-0.0051605477012	1
-0.00700614397961	-0.00016435298782	1
-0.00598493426642	-0.00016435298782	1
-0.000878885700482	0.00031147508012	1
-0.000878885700482	-0.113887261226	1
-0.0186479347099	0.00031147508012	2
-0.000470401815208	-0.0477471597819	1
-0.0402975806295	0.000549389114091	1
-0.0125206764308	7.35610461501e-05	4
-0.00026615987257	-0.0303794353021	1
-6.19179299327e-05	-0.0177699915016	5
-0.000674643757845	-0.0698731649411	2
-0.00802735369279	7.35610461501e-05	12
-0.0349872901209	0.00031147508012	1
-6.19179299327e-05	-0.0168183353657	1
-6.19179299327e-05	-0.0189595616715	4
-0.00475948261059	7.35610461501e-05	24
-0.00435099872532	-0.000402267021791	1
-0.0151758216851	0.00031147508012	2
0.000142324012705	-0.00016435298782	12
-0.000470401815208	-0.055122494835	1
-0.0137461280866	0.00031147508012	2
-0.00026615987257	-0.0377547703551	1
-0.106471970044	0.00102521718203	1
-0.0127249183735	7.35610461501e-05	13
-0.00332978901213	-0.000402267021791	3
-0.00026615987257	-0.0265728107585	1
-0.00026615987257	-0.039182254559	1
-0.0364169837194	0.000549389114091	1
-0.0119079506029	7.35610461501e-05	8
0.000142324012705	-0.000402267021791	8
-0.0482630163924	0.000549389114091	1
0.000755049840617	7.35610461501e-05	79
-0.00271706318422	-0.000402267021791	2
-0.0255921607596	0.00031147508012	2
-0.0192606605379	0.00031147508012	1
-0.00026615987257	-0.022766186215	2
-0.0852308080097	0.000787303148061	1
-0.0531648230157	0.000787303148061	1
-0.0233454993906	0.00031147508012	2
-0.00884432146334	7.35610461501e-05	13
-0.0664405492871	0.000549389114091	1
-0.0255921607596	7.35610461501e-05	1
-0.00680190203697	7.35610461501e-05	28
-6.19179299327e-05	-0.00896717224472	8
-0.00455524066796	7.35610461501e-05	41
-0.000674643757845	-0.0893821157267	1
-6.19179299327e-05	-0.00730177400693	17
-0.000674643757845	-0.0672561105675	1
-0.0260006446449	0.00031147508012	3
-0.00026615987257	-0.0170562493997	1
-0.0194649024805	-0.000402267021791	1
-0.00026615987257	-0.0536950106312	1
-0.00149161152839	-0.000402267021791	3
-0.0247751929891	0.00031147508012	3
-0.000470401815208	-0.0125358827543	1
-0.00026615987257	-0.0203870458753	1
-0.00128736958576	7.35610461501e-05	132
-0.00026615987257	-0.0429888791025	2
-0.000470401815208	-0.070824821077	1
-0.000674643757845	-0.0739177035186	1
-0.00026615987257	-0.0168183353657	1
-0.0574539038111	0.000549389114091	1
-0.0523478552451	0.000549389114091	1
-0.0104782570044	0.00031147508012	1
-0.00557645038114	7.35610461501e-05	29
-0.0245709510464	7.35610461501e-05	1
-0.000470401815208	-0.0555983229029	1
-0.0370297095473	0.00031147508012	1
-0.0472418066792	0.000549389114091	1
-0.0210988380216	0.00031147508012	3
-0.0374381934326	0.000549389114091	1
-0.0245709510464	0.00031147508012	2
-0.000470401815208	-0.0724902193148	1
-0.0621514684917	0.000787303148061	1
-0.015788547513	7.35610461501e-05	7
-0.0329448706946	0.00031147508012	2
-0.000674643757845	-0.0815309526057	1
-0.00026615987257	-0.0313310914379	4
-0.00026615987257	-0.0263348967246	3
-0.00945704729125	-0.000402267021791	1
-0.0478545325071	0.000549389114091	2
-0.0241624671612	0.00031147508012	3
-0.000470401815208	-0.04703341768	1
-0.00108312764312	-0.000402267021791	2
-6.19179299327e-05	-0.014915023094	5
-0.000470401815208	-0.047271331714	1
-0.00373827289741	-0.038944340525	1
-0.0570454199258	0.000787303148061	1
-0.0680744848282	0.000549389114091	1
-0.000470401815208	-0.0456059334762	2
-6.19179299327e-05	-0.0201491318413	5
-0.00904856340598	7.35610461501e-05	13
-0.000878885700482	-0.00611220383708	1
-0.020281870251	0.00031147508012	3
-0.00026615987257	-0.0425130510345	1
-0.0476502905645	0.00031147508012	1
-0.00026615987257	-0.0318069195059	2
-0.036621225662	0.000549389114091	1
-0.00026615987257	-0.00444680559929	1
-0.00026615987257	-0.0394201685929	1
-0.0223242896774	0.00031147508012	2
-6.19179299327e-05	-0.00635011787105	11
-0.0288600318418	0.00031147508012	1
-6.19179299327e-05	0.001263131216	2
-0.00026615987257	-0.00730177400693	1
-0.00026615987257	-0.0222903581471	2
-0.0550030004994	0.000549389114091	1
-0.00026615987257	-0.0370410282532	1
-0.00761886980752	7.35610461501e-05	13
-0.0517351294172	0.000549389114091	1
-0.0100697731192	-0.00016435298782	1
-0.000470401815208	-0.0620220018201	1
-6.19179299327e-05	-0.0165804213318	1
-6.19179299327e-05	-0.0142012809921	4
-6.19179299327e-05	-0.0206249599093	4
-0.0223242896774	-0.00135392315767	1
-0.011295224775	7.35610461501e-05	5
-0.0190564185952	7.35610461501e-05	2
-0.00026615987257	-0.0294277791662	1
-6.19179299327e-05	0.000549389114091	27
-0.0257964027022	0.00031147508012	2
-0.0239582252185	0.00031147508012	2
-0.0590878393522	0.000787303148061	1
-0.00373827289741	7.35610461501e-05	56
-0.0597005651801	0.000549389114091	1
-6.19179299327e-05	-0.0196733037734	3
-0.00026615987257	-0.0444163633063	1
-0.147116116629	0.00173895928394	1
-0.0278388221286	0.00031147508012	1
-0.000470401815208	-0.0484609018838	1
-0.199197912001	0.00197687331791	1
-0.00026615987257	-0.0289519510982	1
-0.000470401815208	-0.0596428614804	1
-0.00026615987257	-0.0201491318413	3
-0.00149161152839	-0.0365652001853	1
-0.00026615987257	-0.0496504720537	1
-0.00108312764312	-0.00016435298782	56
-6.19179299327e-05	-0.00682594593899	15
-0.0129291603161	-0.000402267021791	1
-0.000470401815208	-0.0594049474464	2
-0.027634580186	0.00031147508012	3
-6.19179299327e-05	-0.00159183719164	56
-0.00435099872532	7.35610461501e-05	43
-0.00026615987257	-0.0239557563849	1
-0.00292130512686	0.00031147508012	1
-0.0784908239027	0.000787303148061	1
-0.0215073219069	7.35610461501e-05	4
-0.000674643757845	-0.0805792964698	1
-0.0999362278796	0.000549389114091	1
-0.0486715002776	0.00031147508012	1
-0.0227327735627	7.35610461501e-05	1
-0.00026615987257	-0.0194353897394	1
-0.013541886144	0.00031147508012	1
-0.00802735369279	0.00031147508012	1
-0.0362127417768	0.000549389114091	2
-0.025387918817	0.00031147508012	1
-6.19179299327e-05	-0.0125358827543	6
-0.0243667091038	0.00031147508012	1
-0.0223242896774	7.35610461501e-05	1
-0.0311066932108	0.00031147508012	2
-0.0117037086603	7.35610461501e-05	8
-0.0147673377998	0.00031147508012	2
-0.000470401815208	-0.0539329246651	1
-0.0468333227939	0.000549389114091	1
-0.00373827289741	-0.031093177404	1
-0.0145630958572	0.00031147508012	2
-6.19179299327e-05	-0.0130117108222	5
-0.000470401815208	7.35610461501e-05	650
-0.00026615987257	-0.0403718247288	1
-0.048467258335	0.000549389114091	3
-0.000470401815208	-0.0586912053445	1
-0.018035208882	0.00031147508012	4
-0.0255921607596	-0.000402267021791	1
-0.0547987585568	0.000549389114091	1
-0.00210433735631	7.35610461501e-05	72
-0.0166055152836	7.35610461501e-05	1
-0.0176267249968	7.35610461501e-05	3
-0.0123164344882	7.35610461501e-05	16
-0.0411145484001	0.000549389114091	1
-0.0249794349317	-0.0051605477012	1
-6.19179299327e-05	-0.0220524441131	3
-0.000470401815208	-0.0427509650685	1
-0.0364169837194	0.00031147508012	1
-0.00230857929894	-0.000402267021791	3
-0.00026615987257	-0.0456059334762	2
-0.0213030799642	0.00031147508012	2
-0.00353403095477	-0.0106325704825	1
-6.19179299327e-05	-0.0215766160452	2
-0.0143588539146	7.35610461501e-05	6
-0.000470401815208	-0.0560741509709	3
-0.0690956945414	0.00102521718203	1
-0.050713919704	0.000549389114091	2
-0.0576581457537	0.000549389114091	1
-6.19179299327e-05	-0.0153908511619	3
-0.0182394508247	0.00031147508012	3
-0.000470401815208	-0.0648769702278	1
-6.19179299327e-05	-0.00801551610884	14
-0.00026615987257	-0.03085526337	2
-0.0225285316201	0.00031147508012	3
-0.00026615987257	-0.0175320774677	1
-0.0206903541363	0.00031147508012	3
-0.0196691444231	7.35610461501e-05	2
-0.0347830481783	0.000549389114091	1
-0.0921750340594	0.00102521718203	1
-0.0362127417768	0.00031147508012	1
-0.0221200477348	0.00031147508012	1
-0.00496372455323	7.35610461501e-05	33
-0.0108867408897	-0.00206766525958	1
-0.0347830481783	0.00031147508012	1
-0.00026615987257	-0.0344239738796	2
-0.000674643757845	-0.0715385631789	1
-0.0380509192605	0.000549389114091	2
-6.19179299327e-05	-0.014439195026	9
-0.000470401815208	-0.0520296123934	1
-0.161821536499	0.00173895928394	1
-0.000878885700482	-0.00016435298782	61
-0.00537220843851	7.35610461501e-05	20
-0.00026615987257	-0.0379926843891	2
-0.0139503700293	7.35610461501e-05	8
-0.00639341815169	-0.00016435298782	2
-6.19179299327e-05	-0.00920508627869	5
-0.000674643757845	-0.0774864140282	1
-0.0327406287519	0.00031147508012	2
-0.0164012733409	0.00031147508012	2
-0.0447909033675	0.000549389114091	1
-0.000470401815208	-0.0634494860239	2
-0.00659766009433	7.35610461501e-05	25
0.00463564675073	7.35610461501e-05	1
-0.0768568883616	0.000549389114091	1
-6.19179299327e-05	-0.0191974757054	3
-0.00251282124158	-0.00016435298782	13
-6.19179299327e-05	-0.0170562493997	4
-0.000674643757845	-0.0693973368732	1
-0.000470401815208	-0.000878095089731	3
-0.0264091285302	0.00031147508012	1
-6.19179299327e-05	-0.00563637576914	17
-0.0117037086603	-0.000640181055761	1
-0.0161970313983	-0.00373306349738	1
-6.19179299327e-05	-0.00206766525958	41
-0.00292130512686	-0.000402267021791	3
-0.00190009541367	7.35610461501e-05	121
-0.0229370155053	0.00031147508012	3
-0.000470401815208	-0.00182975122561	2
-0.00700614397961	7.35610461501e-05	23
-6.19179299327e-05	-0.0132496248562	10
-0.011295224775	-0.00016435298782	1
-0.00190009541367	-0.235699346618	1
-0.00169585347103	-0.000402267021791	3
-0.105246518388	0.00102521718203	1
-0.00108312764312	-0.116742229633	1
-0.000674643757845	7.35610461501e-05	336
-0.00108312764312	-0.162897552224	1
-0.00557645038114	-0.000402267021791	1
-0.0151758216851	7.35610461501e-05	5
-0.0315151770961	0.00031147508012	2
-0.00026615987257	-0.0234799283169	3
0.000959291783254	7.35610461501e-05	46
-6.19179299327e-05	-0.0075396880409	13
-6.19179299327e-05	-0.00016435298782	2266
-0.0913580662889	0.00102521718203	1
-0.0735890172794	0.000549389114091	1
-0.0443824194823	0.00031147508012	1
-0.0742017431073	0.00102521718203	1
-0.00026615987257	-0.0246694984868	1
-0.0161970313983	0.00031147508012	6
-0.000878885700482	-0.0758210157904	1
-6.19179299327e-05	-0.00611220383708	27
-0.00414675678268	-0.000402267021791	3
-0.0592920812948	0.000549389114091	2
-0.00026615987257	-0.014915023094	3
-0.0633769201475	0.000787303148061	1
-0.000674643757845	-0.00587428980311	1
-0.0178309669394	0.00031147508012	4
-6.19179299327e-05	-0.0106325704825	9
-0.0476502905645	0.000549389114091	1
-0.0117037086603	-0.00159183719164	1
-0.0170139991688	7.35610461501e-05	1
-0.00169585347103	7.35610461501e-05	142
-6.19179299327e-05	-0.00944300031266	7
-0.00026615987257	-0.038944340525	1
-0.00128736958576	-0.155998045238	1
-0.00026615987257	-0.0275244668944	4
-0.110761050839	0.001263131216	1
-0.0247751929891	7.35610461501e-05	2
-0.00251282124158	7.35610461501e-05	62
-0.0155843055704	7.35610461501e-05	3
-0.0411145484001	-0.000402267021791	1
-0.0396848548016	0.00031147508012	1
-6.19179299327e-05	-0.000402267021791	329
-0.00108312764312	7.35610461501e-05	169
-0.00026615987257	-0.0415613948987	2
0.000346565955342	-0.00016435298782	3
-0.00271706318422	0.00031147508012	1
-0.0494884680482	0.000549389114091	1
-0.0560242102126	0.000787303148061	1
-6.19179299327e-05	-0.0158666792299	5
-0.00332978901213	-0.00016435298782	6
-0.00741462786488	7.35610461501e-05	16
-0.00026615987257	-0.00968091434663	1
-0.00026615987257	-0.0437026212044	1
-0.00026615987257	-0.0406097387628	2
-6.19179299327e-05	-0.000640181055761	156
-0.00026615987257	-0.0334723177437	2
-6.19179299327e-05	-0.0051605477012	22
-0.00578069232378	-0.00016435298782	6
-6.19179299327e-05	-0.0246694984868	1
-6.19179299327e-05	-0.0175320774677	4
-0.0188521766526	7.35610461501e-05	1
-6.19179299327e-05	-0.00278140736149	33
-0.00537220843851	-0.00016435298782	1
-0.0333533545798	0.000549389114091	1
-0.0280430640713	0.00031147508012	3
-0.00026615987257	-0.0268107247925	4
-6.19179299327e-05	-0.0156287651959	6
-0.00026615987257	-0.0325206616078	1
-0.00026615987257	-0.0301415212681	1
-0.0235497413332	7.35610461501e-05	1
-0.00026615987257	-0.030617349336	1
-0.00026615987257	-0.00801551610884	1
-0.0496927099908	0.000549389114091	1
0.00402292092282	7.35610461501e-05	2
-0.00475948261059	-0.000402267021791	2
-0.00292130512686	-0.00230557929355	1
-0.000674643757845	0.00031147508012	1
-0.00026615987257	-0.0249074125207	4
-0.013541886144	7.35610461501e-05	5
-0.000878885700482	-0.100801989357	1
-0.043973935597	0.00031147508012	1
-0.0141546119719	7.35610461501e-05	6
-6.19179299327e-05	-0.0182458195696	3
-0.000470401815208	-0.0670181965335	1
-0.000470401815208	-0.0541708386991	2
-0.018035208882	7.35610461501e-05	3
-0.000674643757845	-0.0931887402702	1
-0.0159927894557	7.35610461501e-05	4
