4.9e-05	72
8e-06	10
0.000111	166
2e-06	1
3e-06	2
5e-06	5
7e-06	8
1.6e-05	22
6.9e-05	102
6.8e-05	101
6.5e-05	96
0.000433	654
1.8e-05	25
8.9e-05	132
3.5e-05	50
5.4e-05	79
1.4e-05	19
1.5e-05	20
1.6e-05	22
1.7e-05	23
1e-05	13
1.1e-05	14
1.2e-05	16
1.3e-05	17
1.8e-05	25
1.9e-05	26
2.7e-05	38
7e-06	8
2.5e-05	35
1.9e-05	26
5.9e-05	87
4e-06	4
7.8e-05	116
0.000123	184
7.1e-05	105
7.2e-05	107
6.3e-05	93
1e-05	13
1.1e-05	14
1.2e-05	16
1.3e-05	17
1.4e-05	19
1.6e-05	22
3.9e-05	57
1.8e-05	25
1.9e-05	26
2.4e-05	34
2.7e-05	38
4.8e-05	70
4.1e-05	60
1.7e-05	23
9e-06	11
8e-06	10
6e-05	88
2e-05	28
2.1e-05	29
2.2e-05	31
2.3e-05	32
2.5e-05	35
2.6e-05	37
2.7e-05	38
2.8e-05	40
2.9e-05	41
5.7e-05	84
5.3e-05	78
7.6e-05	113
3e-06	2
5.4e-05	79
8.2e-05	122
8.4e-05	125
1.8e-05	25
1.9e-05	26
1.2e-05	16
1.3e-05	17
1e-05	13
1.1e-05	14
1.6e-05	22
1.7e-05	23
1.4e-05	19
1.5e-05	20
4.6e-05	67
4.1e-05	60
4.2e-05	61
3.5e-05	50
3.4e-05	49
3.1e-05	44
3e-05	43
3.2e-05	46
3.9e-05	57
6.2e-05	91
2e-05	28
6.6e-05	97
2.8e-05	40
3e-05	43
3.2e-05	46
3.3e-05	47
3.1e-05	44
3.6e-05	52
3.7e-05	54
3.4e-05	49
3.5e-05	50
4e-05	58
8.9e-05	132
4.2e-05	61
3.9e-05	57
4.7e-05	69
9.9e-05	147
4.6e-05	67
2.2e-05	31
4e-05	58
4.1e-05	60
9.1e-05	135
2e-06	1
3e-05	43
4.2e-05	61
3.2e-05	46
3.3e-05	47
3.4e-05	49
3.5e-05	50
3.6e-05	52
3.7e-05	54
3.8e-05	55
1.6e-05	22
1.7e-05	23
1.4e-05	19
1.5e-05	20
1.2e-05	16
9.6e-05	143
1e-05	13
1.1e-05	14
1.8e-05	25
0.00011	164
1.9e-05	26
1.6e-05	22
1.1e-05	14
1.5e-05	20
6.3e-05	93
6.4e-05	94
6.6e-05	97
8.8e-05	131
5.6e-05	82
4.6e-05	67
5.4e-05	79
4e-05	58
5.9e-05	87
4.3e-05	63
5.7e-05	84
5.9e-05	87
8.1e-05	120
4.6e-05	67
5.7e-05	84
7.8e-05	116
2.4e-05	34
4.7e-05	69
1.5e-05	20
1.4e-05	19
5.8e-05	85
3.2e-05	46
3.5e-05	50
3.7e-05	54
2e-06	1
8e-06	10
9e-06	11
6e-06	7
7e-06	8
4e-06	4
5e-06	5
2e-06	1
3e-06	2
7.2e-05	107
2.2e-05	31
9e-06	11
1.8e-05	25
1e-05	13
0.000102	152
1.6e-05	22
7.7e-05	114
1.4e-05	19
7.8e-05	116
2.4e-05	34
2.5e-05	35
2.6e-05	37
2.7e-05	38
2e-05	28
2.1e-05	29
2.2e-05	31
2.3e-05	32
2.8e-05	40
2.9e-05	41
1.8e-05	25
1.7e-05	23
1.6e-05	22
5.1e-05	75
2.6e-05	37
2.7e-05	38
2.4e-05	34
2.5e-05	35
2.2e-05	31
2.3e-05	32
2e-05	28
2.1e-05	29
3.7e-05	54
5.1e-05	75
3.9e-05	57
0.000146	219
3.8e-05	55
1.2e-05	16
1.5e-05	20
1.1e-05	14
6.9e-05	102
6.2e-05	91
0.00012	179
4e-06	4
3.5e-05	50
3.4e-05	49
3.2e-05	46
3.1e-05	44
5.9e-05	87
6e-05	88
7.4e-05	110
0.000107	160
3.6e-05	52
3.8e-05	55
1.2e-05	16
9e-06	11
3.5e-05	50
3.7e-05	54
2.2e-05	31
2e-05	28
2.1e-05	29
0.000567	857
2.7e-05	38
2.4e-05	34
2.5e-05	35
2.8e-05	40
2.4e-05	34
1.6e-05	22
6.3e-05	93
6.4e-05	94
1.1e-05	14
1.2e-05	16
1.9e-05	26
5.5e-05	81
3e-06	2
8e-06	10
7.6e-05	113
9.4e-05	140
9.9e-05	147
3.9e-05	57
3.6e-05	52
3.4e-05	49
3.5e-05	50
3.2e-05	46
3e-05	43
3.1e-05	44
0.000358	540
4.6e-05	67
9.4e-05	140
4.5e-05	66
4.3e-05	63
4.1e-05	60
5.7e-05	84
3.8e-05	55
3.9e-05	57
8.4e-05	125
3.2e-05	46
3.3e-05	47
3e-05	43
3.1e-05	44
3.6e-05	52
3.5e-05	50
3e-06	2
9e-06	11
3.1e-05	44
3.1e-05	44
9e-06	11
9e-06	11
4e-06	4
3e-06	2
7e-06	8
6e-06	7
5e-06	5
4e-06	4
2e-06	1
8e-06	10
3.2e-05	46
2e-06	1
8e-06	10
4.8e-05	70
6.2e-05	91
4.1e-05	60
4e-06	4
7e-06	8
9.3e-05	138
0.000133	199
2.2e-05	31
2.1e-05	29
5.2e-05	76
8e-06	10
9e-06	11
5.3e-05	78
4e-06	4
5e-06	5
6e-06	7
7e-06	8
2e-06	1
3e-06	2
4.3e-05	63
4.5e-05	66
0.000164	246
5.5e-05	81
6.2e-05	91
1.1e-05	14
5.3e-05	78
6.7e-05	99
5.9e-05	87
7.5e-05	111
1.7e-05	23
6.3e-05	93
2.1e-05	29
6.4e-05	94
1.9e-05	26
4.4e-05	64
4.7e-05	69
1.6e-05	22
5.6e-05	82
0.000325	490
1.8e-05	25
1.9e-05	26
7.8e-05	116
1.2e-05	16
1.3e-05	17
1e-05	13
1.1e-05	14
1.6e-05	22
1.7e-05	23
5.6e-05	82
1.5e-05	20
0.00011	164
6.1e-05	90
7.2e-05	107
0.000102	152
1.1e-05	14
1.1e-05	14
0.000149	223
3.4e-05	49
0.000104	155
0.000115	172
4.4e-05	64
4.6e-05	67
7e-05	104
4.1e-05	60
3e-05	43
3.6e-05	52
3.8e-05	55
5.2e-05	76
6e-05	88
4.6e-05	67
1.1e-05	14
1.4e-05	19
2.4e-05	34
0.000122	182
4.1e-05	60
1.2e-05	16
6.5e-05	96
1.6e-05	22
1.7e-05	23
1.4e-05	19
1.5e-05	20
1.2e-05	16
1.3e-05	17
1e-05	13
1.1e-05	14
1.8e-05	25
1.9e-05	26
5.5e-05	81
0.000159	238
0.000296	446
0.000107	160
5.3e-05	78
1.6e-05	22
5.4e-05	79
9.2e-05	137
6.2e-05	91
9e-05	134
1.4e-05	19
3e-06	2
2.1e-05	29
7e-05	104
1.1e-05	14
1.2e-05	16
4.7e-05	69
1.2e-05	16
1.1e-05	14
1.6e-05	22
8e-06	10
9e-06	11
6e-06	7
7e-06	8
4e-06	4
3e-06	2
3.2e-05	46
3.5e-05	50
3.8e-05	55
7.2e-05	107
0.000263	396
6.6e-05	97
4.1e-05	60
0.000134	201
6.6e-05	97
0.00012	179
1.1e-05	14
1e-05	13
1.3e-05	17
1.2e-05	16
1.5e-05	20
1.4e-05	19
4.1e-05	60
2e-05	28
8.8e-05	131
1.8e-05	25
1.1e-05	14
1.5e-05	20
2e-05	28
8.6e-05	128
6.8e-05	101
3.4e-05	49
3.5e-05	50
3.7e-05	54
3.2e-05	46
3.8e-05	55
3.9e-05	57
8e-06	10
1.1e-05	14
4.1e-05	60
6.3e-05	93
4.9e-05	72
4.8e-05	70
3.3e-05	47
3.5e-05	50
5.3e-05	78
2e-05	28
3e-06	2
0.000103	154
5.3e-05	78
5.7e-05	84
2.3e-05	32
2.9e-05	41
2.8e-05	40
4.6e-05	67
8e-06	10
4.7e-05	69
1.4e-05	19
0.000226	340
0.000221	332
7.1e-05	105
8e-06	10
7.8e-05	116
6.2e-05	91
1.9e-05	26
0.000106	158
1.1e-05	14
4.5e-05	66
0.000125	187
4.7e-05	69
4.1e-05	60
4.2e-05	61
5.4e-05	79
2.2e-05	31
8.1e-05	120
3e-06	2
2e-06	1
5e-06	5
4e-06	4
7e-06	8
6e-06	7
9e-06	11
8e-06	10
6e-06	7
6.2e-05	91
0.000237	357
2.9e-05	41
2.8e-05	40
6.4e-05	94
2.4e-05	34
2.7e-05	38
2.6e-05	37
2.1e-05	29
2e-05	28
2.3e-05	32
2.2e-05	31
0.0004	604
2.7e-05	38
7e-06	8
6e-06	7
5e-06	5
2.7e-05	38
2.8e-05	40
2.9e-05	41
4.7e-05	69
2.1e-05	29
2.4e-05	34
2.5e-05	35
2.6e-05	37
2.7e-05	38
2e-05	28
2.1e-05	29
2.2e-05	31
2.3e-05	32
2.9e-05	41
6.3e-05	93
0.000111	166
8.3e-05	123
2.6e-05	37
2.7e-05	38
2.4e-05	34
2.5e-05	35
2.2e-05	31
2.3e-05	32
2e-05	28
2.1e-05	29
7.2e-05	107
4.6e-05	67
1.9e-05	26
4.3e-05	63
4.2e-05	61
1.4e-05	19
1.5e-05	20
1.6e-05	22
1.7e-05	23
4.9e-05	72
4.8e-05	70
1.3e-05	17
6.3e-05	93
6e-05	88
7.2e-05	107
7.4e-05	110
7.5e-05	111
4.2e-05	61
3.2e-05	46
6.3e-05	93
3.3e-05	47
3.1e-05	44
3e-05	43
3.7e-05	54
3.5e-05	50
3.4e-05	49
3.8e-05	55
2.9e-05	41
3.9e-05	57
0.000164	246
3.7e-05	54
0.000105	157
2.1e-05	29
3.3e-05	47
2.5e-05	35
8.4e-05	125
7e-05	104
4e-06	4
6e-06	7
8e-06	10
9e-06	11
0.000111	166
1.8e-05	25
1.9e-05	26
0.000154	231
1.4e-05	19
3.1e-05	44
1.6e-05	22
1.7e-05	23
1e-05	13
1.1e-05	14
1.2e-05	16
3.7e-05	54
8.8e-05	131
3e-05	43
8.6e-05	128
1.6e-05	22
4.6e-05	67
7.4e-05	110
4.9e-05	72
4.1e-05	60
7.9e-05	117
4.7e-05	69
4.4e-05	64
4.5e-05	66
0.000108	161
3.2e-05	46
5.3e-05	78
5.1e-05	75
3.9e-05	57
3.1e-05	44
3.2e-05	46
3.3e-05	47
3.4e-05	49
3.5e-05	50
3.6e-05	52
3.7e-05	54
3.5e-05	50
9.1e-05	135
5.9e-05	87
3.6e-05	52
7e-05	104
5.7e-05	84
6.2e-05	91
3.9e-05	57
3e-05	43
2.4e-05	34
2.3e-05	32
6.4e-05	94
2.6e-05	37
8.2e-05	122
2.9e-05	41
5.7e-05	84
5.6e-05	82
5.4e-05	79
5.3e-05	78
5.2e-05	76
1.8e-05	25
4.5e-05	66
5.9e-05	87
6.9e-05	102
5.4e-05	79
5.6e-05	82
5.1e-05	75
5.3e-05	78
5.4e-05	79
5.6e-05	82
5.7e-05	84
5.3e-05	78
5.4e-05	79
0.000117	175
6e-06	7
5.3e-05	78
1.1e-05	14
3.1e-05	44
2e-05	28
0.000328	494
2.8e-05	40
2e-05	28
2.1e-05	29
2.2e-05	31
2.3e-05	32
2.6e-05	37
2.7e-05	38
0.000128	191
4.8e-05	70
0.000126	188
4.5e-05	66
1.1e-05	14
3.8e-05	55
3.8e-05	55
0.000155	232
0.000258	388
1.3e-05	17
1.4e-05	19
3.1e-05	44
1e-05	13
3.4e-05	49
1.1e-05	14
3.1e-05	44
3.3e-05	47
2.3e-05	32
7.4e-05	110
2e-05	28
1.4e-05	19
2.5e-05	35
2.4e-05	34
7.5e-05	111
0.000129	193
2.1e-05	29
1.9e-05	26
2.6e-05	37
2.4e-05	34
8.8e-05	131
4.5e-05	66
4.3e-05	63
4e-05	58
4e-05	58
8.8e-05	131
4.9e-05	72
6.4e-05	94
6e-06	7
7e-06	8
4e-06	4
5.8e-05	85
3e-06	2
8e-06	10
9e-06	11
1.2e-05	16
4e-06	4
5e-06	5
6e-06	7
7e-06	8
8e-06	10
9e-06	11
8.3e-05	123
2.9e-05	41
2.8e-05	40
5.3e-05	78
2.6e-05	37
2.5e-05	35
2.4e-05	34
2.3e-05	32
2.2e-05	31
2.1e-05	29
2e-05	28
5.6e-05	82
5.4e-05	79
3.3e-05	47
3.1e-05	44
1.6e-05	22
3.8e-05	55
3.9e-05	57
6.2e-05	91
7.5e-05	111
5.5e-05	81
5e-05	73
3.9e-05	57
8.2e-05	122
6.3e-05	93
8e-05	119
1.4e-05	19
1.5e-05	20
1.6e-05	22
1.7e-05	23
1e-05	13
1.1e-05	14
1.2e-05	16
5.1e-05	75
1.9e-05	26
4.7e-05	69
1.9e-05	26
1.8e-05	25
1.3e-05	17
1.2e-05	16
1.1e-05	14
1e-05	13
1.7e-05	23
1.6e-05	22
1.5e-05	20
2e-05	28
8.1e-05	120
7.8e-05	116
7.3e-05	108
1.5e-05	20
3.9e-05	57
1.7e-05	23
1.6e-05	22
1.1e-05	14
1e-05	13
1.3e-05	17
1.2e-05	16
3e-05	43
3.1e-05	44
1.9e-05	26
0.000129	193
6e-06	7
1.5e-05	20
1.6e-05	22
1.3e-05	17
1.8e-05	25
1.7e-05	23
1.6e-05	22
9e-06	11
1.4e-05	19
1.3e-05	17
1.2e-05	16
1.1e-05	14
1e-05	13
6e-06	7
1.9e-05	26
1.8e-05	25
3.5e-05	50
3.4e-05	49
2.6e-05	37
3.2e-05	46
3.1e-05	44
3e-05	43
2.8e-05	40
2.9e-05	41
2.6e-05	37
2.7e-05	38
2.4e-05	34
2.2e-05	31
2.3e-05	32
2e-05	28
0.000153	229
1.6e-05	22
3.6e-05	52
3.7e-05	54
3.4e-05	49
3.5e-05	50
3.2e-05	46
3.3e-05	47
3e-05	43
3.1e-05	44
9.9e-05	147
3.8e-05	55
3.4e-05	49
2.9e-05	41
1.9e-05	26
1.8e-05	25
1.7e-05	23
1.6e-05	22
1.5e-05	20
1.4e-05	19
1.2e-05	16
1.1e-05	14
2.1e-05	29
2.2e-05	31
2.3e-05	32
2.4e-05	34
2.5e-05	35
1.2e-05	16
1.3e-05	17
1e-05	13
1.1e-05	14
1.6e-05	22
1.7e-05	23
1.4e-05	19
1.5e-05	20
1.8e-05	25
1.9e-05	26
8.7e-05	129
8.3e-05	123
0.000109	163
2e-05	28
7.7e-05	114
6e-06	7
7e-06	8
4e-06	4
5e-06	5
8.2e-05	122
3e-06	2
2.4e-05	34
6e-06	7
8e-06	10
9e-06	11
1.9e-05	26
1.8e-05	25
1.3e-05	17
1.1e-05	14
1.5e-05	20
1.1e-05	14
4.4e-05	64
4.7e-05	69
4.4e-05	64
2.8e-05	40
4.8e-05	70
7.6e-05	113
4.6e-05	67
3.9e-05	57
3.8e-05	55
3.1e-05	44
3.5e-05	50
3.4e-05	49
7.3e-05	108
9e-06	11
2.3e-05	32
8.5e-05	126
3e-06	2
6e-06	7
7e-06	8
5e-06	5
7.1e-05	105
8e-06	10
9e-06	11
9.2e-05	137
4.8e-05	70
4.9e-05	72
4.7e-05	69
3e-06	2
6e-06	7
5e-06	5
4e-06	4
0.000196	294
9e-06	11
8e-06	10
6.2e-05	91
4e-05	58
3.9e-05	57
4.2e-05	61
4.5e-05	66
2.8e-05	40
2.9e-05	41
2e-05	28
2.1e-05	29
2.3e-05	32
2.4e-05	34
2.5e-05	35
2.6e-05	37
2.7e-05	38
3.3e-05	47
3.2e-05	46
3.1e-05	44
3e-05	43
3.6e-05	52
3.5e-05	50
3.1e-05	44
8e-06	10
5.2e-05	76
4.2e-05	61
0.000301	454
4e-05	58
4.7e-05	69
7.4e-05	110
4.8e-05	70
8.4e-05	125
9.9e-05	147
5.9e-05	87
5.8e-05	85
5.6e-05	82
3.7e-05	54
2e-06	1
3e-06	2
4e-06	4
5e-06	5
6e-06	7
7e-06	8
8e-06	10
9e-06	11
0.000117	175
6.7e-05	99
2.9e-05	41
2.8e-05	40
2.5e-05	35
2.4e-05	34
2.7e-05	38
2.6e-05	37
2.1e-05	29
2.3e-05	32
2.2e-05	31
8.8e-05	131
5.3e-05	78
5.4e-05	79
8.9e-05	132
6.3e-05	93
6.2e-05	91
5.2e-05	76
0.000357	538
2.3e-05	32
8.5e-05	126
2.1e-05	29
2e-05	28
2.7e-05	38
2.5e-05	35
2.4e-05	34
2.9e-05	41
2.8e-05	40
6.2e-05	91
3e-06	2
2e-06	1
5e-06	5
4e-06	4
7e-06	8
6e-06	7
9e-06	11
8e-06	10
7.7e-05	114
8.6e-05	128
2.6e-05	37
8.2e-05	122
3.6e-05	52
3.2e-05	46
1.5e-05	20
1.7e-05	23
1.3e-05	17
0.000127	190
5.7e-05	84
5.2e-05	76
7.7e-05	114
2.8e-05	40
2.9e-05	41
2.2e-05	31
2.3e-05	32
2e-05	28
2.1e-05	29
2.4e-05	34
2.5e-05	35
3.3e-05	47
3e-05	43
3.4e-05	49
8.9e-05	132
3.9e-05	57
6.3e-05	93
9.8e-05	146
6e-05	88
6.2e-05	91
3.5e-05	50
3.4e-05	49
3.6e-05	52
3.1e-05	44
3e-05	43
3.2e-05	46
4e-06	4
7e-06	8
2.6e-05	37
1.7e-05	23
1.5e-05	20
2.2e-05	31
2.3e-05	32
1e-05	13
1.1e-05	14
0.000175	263
6.2e-05	91
3.8e-05	55
3.6e-05	52
3.7e-05	54
3.4e-05	49
3.2e-05	46
3.3e-05	47
3.1e-05	44
1.9e-05	26
4.9e-05	72
2.2e-05	31
2.7e-05	38
1.1e-05	14
1e-05	13
1.3e-05	17
1.2e-05	16
1.5e-05	20
1.4e-05	19
1.7e-05	23
1.6e-05	22
0.000231	347
0.000144	216
3.9e-05	57
3.1e-05	44
3e-05	43
3.3e-05	47
3.5e-05	50
3.4e-05	49
3.6e-05	52
3.1e-05	44
3e-05	43
3.3e-05	47
3.2e-05	46
3.4e-05	49
8e-06	10
3.9e-05	57
5.2e-05	76
6.3e-05	93
2.7e-05	38
1.6e-05	22
3.1e-05	44
2.5e-05	35
3.6e-05	52
6.5e-05	96
1.1e-05	14
5.8e-05	85
6.9e-05	102
2.8e-05	40
2e-05	28
2.1e-05	29
2.2e-05	31
2.4e-05	34
2.6e-05	37
2.7e-05	38
2.8e-05	40
2.9e-05	41
2.1e-05	29
2.7e-05	38
2.8e-05	40
2.9e-05	41
0.000125	187
2.1e-05	29
2.2e-05	31
2.3e-05	32
2.4e-05	34
2.5e-05	35
2.6e-05	37
2.7e-05	38
3.9e-05	57
3.5e-05	50
3.7e-05	54
3.1e-05	44
3.3e-05	47
3.2e-05	46
2.9e-05	41
2.8e-05	40
2.3e-05	32
2.2e-05	31
2.1e-05	29
2e-05	28
2.7e-05	38
2e-05	28
6.8e-05	101
8.2e-05	122
6.4e-05	94
5.3e-05	78
5e-05	73
6.2e-05	91
4.1e-05	60
4.4e-05	64
4.6e-05	67
4.1e-05	60
8e-05	119
5.8e-05	85
7.4e-05	110
5.2e-05	76
5.3e-05	78
5.7e-05	84
5.4e-05	79
1.1e-05	14
1.3e-05	17
3.5e-05	50
1.7e-05	23
1.6e-05	22
1.9e-05	26
3.3e-05	47
0.000105	157
2.4e-05	34
0.00029	437
1.1e-05	14
0.000128	191
9.4e-05	140
3.6e-05	52
3e-05	43
5.1e-05	75
1.9e-05	26
6.1e-05	90
5e-05	73
1.1e-05	14
1.7e-05	23
1.5e-05	20
2.1e-05	29
5.7e-05	84
2.5e-05	35
2.7e-05	38
2.5e-05	35
2.4e-05	34
2.7e-05	38
2.1e-05	29
2e-05	28
2.3e-05	32
2.2e-05	31
6.2e-05	91
2.8e-05	40
9e-06	11
8e-06	10
2.5e-05	35
4e-06	4
1.6e-05	22
4.7e-05	69
1.5e-05	20
1.4e-05	19
1.7e-05	23
1.6e-05	22
1.1e-05	14
1e-05	13
1.3e-05	17
1.2e-05	16
1.9e-05	26
1.8e-05	25
6.3e-05	93
9.3e-05	138
3.1e-05	44
6.2e-05	91
3.8e-05	55
3.3e-05	47
3.1e-05	44
3e-05	43
3.7e-05	54
0.0001	149
2.2e-05	31
2.8e-05	40
2.9e-05	41
2.2e-05	31
2.3e-05	32
2e-05	28
2.1e-05	29
2.7e-05	38
2.4e-05	34
2.5e-05	35
2.4e-05	34
4.7e-05	69
4.4e-05	64
4.2e-05	61
4.1e-05	60
4e-05	58
3e-06	2
4e-06	4
5e-06	5
6e-06	7
7e-06	8
8e-06	10
9e-06	11
6.2e-05	91
2.3e-05	32
5e-06	5
6e-06	7
3e-06	2
8e-06	10
6.2e-05	91
0.000146	219
1.7e-05	23
2.9e-05	41
3.3e-05	47
3e-05	43
3.1e-05	44
3.6e-05	52
3.4e-05	49
3.8e-05	55
2e-05	28
2.7e-05	38
2.6e-05	37
2.5e-05	35
2.8e-05	40
4.9e-05	72
4.5e-05	66
4.7e-05	69
4e-05	58
4.2e-05	61
4.3e-05	63
0.000251	378
5.6e-05	82
5.5e-05	81
6.5e-05	96
8e-06	10
3.3e-05	47
0.00016	240
3e-05	43
5.1e-05	75
9e-06	11
5.5e-05	81
5.7e-05	84
2.9e-05	41
2.8e-05	40
2.3e-05	32
1.4e-05	19
2.1e-05	29
2e-05	28
2.6e-05	37
2.5e-05	35
6.9e-05	102
4.1e-05	60
9.6e-05	143
5e-06	5
1.4e-05	19
7.5e-05	111
1.4e-05	19
1.5e-05	20
1.1e-05	14
1.3e-05	17
5.2e-05	76
5e-05	73
9.7e-05	144
0.000147	220
7.2e-05	107
1.6e-05	22
1.2e-05	16
0.000122	182
7.6e-05	113
5.3e-05	78
4.6e-05	67
4.7e-05	69
4e-05	58
2.6e-05	37
4.9e-05	72
1.1e-05	14
4.2e-05	61
4.3e-05	63
4.1e-05	60
4.8e-05	70
4.7e-05	69
7.1e-05	105
0.000178	267
9.4e-05	140
6.8e-05	101
6e-05	88
8.3e-05	123
1.5e-05	20
4e-06	4
4.2e-05	61
4.7e-05	69
9.5e-05	141
2.7e-05	38
5.2e-05	76
5.1e-05	75
3e-06	2
6e-06	7
7e-06	8
5e-06	5
8e-06	10
9e-06	11
9e-06	11
7.5e-05	111
5e-05	73
5.8e-05	85
4.2e-05	61
4.1e-05	60
6e-06	7
3e-06	2
0.000104	155
3.4e-05	49
3.5e-05	50
3.6e-05	52
3.7e-05	54
3e-05	43
3.1e-05	44
3.2e-05	46
3.3e-05	47
2.3e-05	32
2e-05	28
2.9e-05	41
2.8e-05	40
2.2e-05	31
2.1e-05	29
2.7e-05	38
3e-05	43
3.2e-05	46
3.2e-05	46
7.8e-05	116
3.7e-05	54
1.3e-05	17
9.5e-05	141
4e-05	58
0.000116	173
9e-05	134
4.9e-05	72
5e-05	73
4.5e-05	66
4.2e-05	61
4e-05	58
4.1e-05	60
3.3e-05	47
3.4e-05	49
3.7e-05	54
5.5e-05	81
5.6e-05	82
2.9e-05	41
2.8e-05	40
4.8e-05	70
4.7e-05	69
2e-05	28
2.3e-05	32
2.2e-05	31
2.5e-05	35
4.2e-05	61
4.1e-05	60
2.6e-05	37
0.000103	154
0.000579	875
6.7e-05	99
6.4e-05	94
1.8e-05	25
1.9e-05	26
1e-05	13
1.1e-05	14
1.2e-05	16
1.3e-05	17
1.4e-05	19
1.5e-05	20
1.6e-05	22
1.7e-05	23
1.1e-05	14
2.6e-05	37
0.000133	199
4.1e-05	60
4.9e-05	72
4.8e-05	70
1.3e-05	17
0.000107	160
7.7e-05	114
4.2e-05	61
3.6e-05	52
3.4e-05	49
3.3e-05	47
3.2e-05	46
3.1e-05	44
3e-05	43
6.8e-05	101
6.1e-05	90
6.3e-05	93
1.5e-05	20
2.5e-05	35
1.6e-05	22
2.3e-05	32
1e-05	13
4.5e-05	66
1.9e-05	26
2.3e-05	32
1.4e-05	19
1.1e-05	14
1e-05	13
1.3e-05	17
1.2e-05	16
1.5e-05	20
1.4e-05	19
1.7e-05	23
1.6e-05	22
1.9e-05	26
1.8e-05	25
9e-06	11
1.5e-05	20
4.1e-05	60
3.7e-05	54
7.8e-05	116
6.4e-05	94
3.8e-05	55
9e-06	11
7e-06	8
6e-06	7
3.6e-05	52
3e-06	2
2.8e-05	40
2.9e-05	41
2.2e-05	31
2.3e-05	32
2e-05	28
2.1e-05	29
0.00018	270
2.7e-05	38
2.4e-05	34
1.9e-05	26
1.8e-05	25
1.7e-05	23
1.6e-05	22
1.5e-05	20
1.4e-05	19
1.3e-05	17
1.2e-05	16
1.1e-05	14
1e-05	13
0.000117	175
0.000114	170
4.8e-05	70
4.5e-05	66
4.7e-05	69
4.6e-05	67
4e-05	58
1.5e-05	20
1e-05	13
1.1e-05	14
1.3e-05	17
1.7e-05	23
0.000118	176
0.000101	151
3e-05	43
3.5e-05	50
4.2e-05	61
3.4e-05	49
2.1e-05	29
3.4e-05	49
3e-05	43
9.5e-05	141
6.6e-05	97
6.7e-05	99
7e-06	8
0.000362	546
6.8e-05	101
5.9e-05	87
4.4e-05	64
5.8e-05	85
6e-06	7
0.000121	181
2.1e-05	29
7.3e-05	108
4.3e-05	63
4.5e-05	66
5.8e-05	85
9e-06	11
8e-06	10
7e-06	8
6e-06	7
5e-06	5
4e-06	4
3e-06	2
2e-06	1
3.4e-05	49
3.5e-05	50
3.1e-05	44
3.3e-05	47
3.8e-05	55
9.5e-05	141
9e-06	11
8e-06	10
5e-06	5
4e-06	4
7e-06	8
6e-06	7
3e-06	2
2e-06	1
4e-05	58
6.1e-05	90
4.3e-05	63
4.6e-05	67
4.8e-05	70
4.8e-05	70
4.9e-05	72
5.3e-05	78
5e-05	73
5.1e-05	75
5.4e-05	79
5.5e-05	81
2e-05	28
8.8e-05	131
0.000108	161
2.9e-05	41
2.8e-05	40
2.3e-05	32
2.2e-05	31
2.1e-05	29
2e-05	28
2.7e-05	38
2.6e-05	37
2.5e-05	35
2.4e-05	34
5e-05	73
5.3e-05	78
8.6e-05	128
7.4e-05	110
5.1e-05	75
7.6e-05	113
6.3e-05	93
6.6e-05	97
7.4e-05	110
2.1e-05	29
2.5e-05	35
4.3e-05	63
4.9e-05	72
5.8e-05	85
6.4e-05	94
6e-05	88
7.4e-05	110
0.000302	455
3e-06	2
8.1e-05	120
4e-05	58
6.3e-05	93
8.1e-05	120
6.6e-05	97
4.8e-05	70
1.8e-05	25
1.9e-05	26
4.4e-05	64
4.6e-05	67
1.5e-05	20
1.2e-05	16
1.3e-05	17
4.2e-05	61
1.1e-05	14
7.4e-05	110
9e-06	11
8e-06	10
9e-06	11
6e-06	7
0.000121	181
9.5e-05	141
1e-05	13
1.1e-05	14
1.2e-05	16
1.3e-05	17
1.4e-05	19
1.5e-05	20
1.6e-05	22
1.7e-05	23
1.8e-05	25
1.9e-05	26
1.8e-05	25
1.9e-05	26
1.6e-05	22
1.7e-05	23
1.5e-05	20
1.3e-05	17
1.1e-05	14
6.1e-05	90
6.8e-05	101
0.000223	335
4.6e-05	67
9.3e-05	138
4.2e-05	61
4.3e-05	63
4e-05	58
4.2e-05	61
5.1e-05	75
3.3e-05	47
3e-05	43
3.1e-05	44
3.9e-05	57
3.4e-05	49
3.5e-05	50
3.5e-05	50
3.8e-05	55
3.9e-05	57
3.1e-05	44
3e-05	43
7.9e-05	117
3.2e-05	46
4e-06	4
7e-06	8
2e-05	28
0.000126	188
1.1e-05	14
1e-05	13
1.3e-05	17
2.3e-05	32
1.5e-05	20
1.4e-05	19
1.7e-05	23
1.6e-05	22
1.9e-05	26
1.8e-05	25
3.3e-05	47
4e-05	58
4.1e-05	60
4.6e-05	67
2.1e-05	29
7.5e-05	111
4.9e-05	72
2.7e-05	38
3.2e-05	46
3.6e-05	52
5.2e-05	76
3.2e-05	46
0.000109	163
6.4e-05	94
0.000108	161
5.2e-05	76
3.1e-05	44
5.2e-05	76
5.1e-05	75
5.4e-05	79
2.1e-05	29
2e-05	28
2.3e-05	32
2.5e-05	35
2.4e-05	34
2.7e-05	38
2.6e-05	37
2.8e-05	40
1.1e-05	14
0.000211	317
4.4e-05	64
4.6e-05	67
4.1e-05	60
4.2e-05	61
4.3e-05	63
3.1e-05	44
3e-05	43
3.3e-05	47
3.2e-05	46
3.5e-05	50
4.8e-05	70
3.7e-05	54
3.6e-05	52
3.9e-05	57
4.3e-05	63
4.6e-05	67
0.000136	204
2.9e-05	41
2.8e-05	40
2.3e-05	32
2.2e-05	31
2.7e-05	38
2.6e-05	37
2.4e-05	34
4.3e-05	63
3.5e-05	50
4.5e-05	66
4.7e-05	69
3.9e-05	57
2.9e-05	41
2.8e-05	40
2.6e-05	37
2.5e-05	35
2.3e-05	32
2.2e-05	31
2.1e-05	29
0.000105	157
6.6e-05	97
1.7e-05	23
1.1e-05	14
2e-05	28
2.1e-05	29
2.2e-05	31
2.3e-05	32
2.4e-05	34
2.5e-05	35
2.6e-05	37
2.7e-05	38
2.9e-05	41
1e-05	13
1.8e-05	25
7.2e-05	107
1.9e-05	26
2.1e-05	29
2e-05	28
2.3e-05	32
2.2e-05	31
2.5e-05	35
2.4e-05	34
2.6e-05	37
2.8e-05	40
2.7e-05	38
1.8e-05	25
1.9e-05	26
1.6e-05	22
1.7e-05	23
1.4e-05	19
8.8e-05	131
1.2e-05	16
1.3e-05	17
1e-05	13
1.1e-05	14
9.9e-05	147
1.3e-05	17
9.4e-05	140
4.2e-05	61
6.9e-05	102
0.000245	369
0.000103	154
3.6e-05	52
3.1e-05	44
3.3e-05	47
5.3e-05	78
9e-06	11
9e-06	11
0.000133	199
5e-06	5
4e-06	4
7e-06	8
6e-06	7
8e-06	10
3e-06	2
4.5e-05	66
3.8e-05	55
3.3e-05	47
3.2e-05	46
3.1e-05	44
3.5e-05	50
3.4e-05	49
4.9e-05	72
1.5e-05	20
0.000153	229
0.000201	302
0.000136	204
2.9e-05	41
4.9e-05	72
6.4e-05	94
8.6e-05	128
8.1e-05	120
6.6e-05	97
9e-06	11
5.3e-05	78
3e-06	2
5.4e-05	79
5.6e-05	82
9e-05	134
4e-05	58
4.4e-05	64
0.000222	334
1e-05	13
2.8e-05	40
2.7e-05	38
1.8e-05	25
2.1e-05	29
6.5e-05	96
1.8e-05	25
9.4e-05	140
4.8e-05	70
4.9e-05	72
4.6e-05	67
4.7e-05	69
4.3e-05	63
4e-05	58
0.000194	291
7.4e-05	110
5e-05	73
5.1e-05	75
5.5e-05	81
3.9e-05	57
3.8e-05	55
3.6e-05	52
3.4e-05	49
9.7e-05	144
8.8e-05	131
3.2e-05	46
3e-05	43
7.9e-05	117
7e-06	8
6.8e-05	101
1.3e-05	17
1.4e-05	19
1.5e-05	20
1.6e-05	22
4.7e-05	69
1.9e-05	26
0.000191	287
0.000184	276
0.000107	160
5.5e-05	81
5.7e-05	84
4.6e-05	67
4.5e-05	66
8.3e-05	123
7.6e-05	113
7.9e-05	117
4.9e-05	72
5.8e-05	85
0.000112	167
5.1e-05	75
1.8e-05	25
1.9e-05	26
1.1e-05	14
4.6e-05	67
1e-05	13
1.2e-05	16
1.4e-05	19
1.5e-05	20
1.6e-05	22
1.7e-05	23
6.4e-05	94
2.5e-05	35
5.3e-05	78
2.7e-05	38
5.5e-05	81
2.1e-05	29
2.2e-05	31
2.3e-05	32
2.8e-05	40
2.9e-05	41
8e-06	10
5.1e-05	75
6.6e-05	97
0.000175	263
2.4e-05	34
3.9e-05	57
3.1e-05	44
5.4e-05	79
3.3e-05	47
3.8e-05	55
7e-05	104
3.6e-05	52
3.7e-05	54
3e-05	43
3.1e-05	44
3.2e-05	46
6.4e-05	94
3e-06	2
7e-06	8
4.5e-05	66
4.3e-05	63
9.3e-05	138
4e-06	4
6e-06	7
9e-06	11
8e-06	10
0.000113	169
8e-06	10
9e-06	11
6e-05	88
6.7e-05	99
2e-06	1
3e-06	2
4e-06	4
5e-06	5
6e-06	7
7e-06	8
7.9e-05	117
1.4e-05	19
1.3e-05	17
4.7e-05	69
4.6e-05	67
4.9e-05	72
4.8e-05	70
1.8e-05	25
8e-06	10
9e-06	11
2e-06	1
3e-06	2
6e-06	7
7e-06	8
4e-06	4
5e-06	5
5.2e-05	76
4e-06	4
5e-06	5
6e-06	7
7e-06	8
2e-06	1
3e-06	2
8e-06	10
9e-06	11
0.000159	238
3.4e-05	49
9.3e-05	138
2.1e-05	29
4.7e-05	69
7.7e-05	114
7.6e-05	113
2e-05	28
2.1e-05	29
8e-06	10
7e-06	8
1.8e-05	25
1.9e-05	26
1.6e-05	22
1.7e-05	23
1.4e-05	19
1.5e-05	20
1.2e-05	16
1.3e-05	17
1e-05	13
1.1e-05	14
7.7e-05	114
0.000136	204
7.2e-05	107
4.6e-05	67
0.000249	375
1.9e-05	26
1.8e-05	25
1.5e-05	20
1.4e-05	19
1.7e-05	23
1.6e-05	22
3.2e-05	46
1e-05	13
1.3e-05	17
1.2e-05	16
9.4e-05	140
7e-05	104
4.2e-05	61
3.9e-05	57
3.3e-05	47
3.2e-05	46
3.1e-05	44
3e-05	43
3.7e-05	54
3.6e-05	52
3.5e-05	50
9e-06	11
0.000148	222
5.4e-05	79
5e-06	5
6e-06	7
7e-06	8
0.000158	237
8.9e-05	132
8.9e-05	132
8.8e-05	131
4.5e-05	66
4.7e-05	69
4e-05	58
4.3e-05	63
5e-06	5
3.6e-05	52
3.7e-05	54
2.5e-05	35
6.5e-05	96
6.1e-05	90
3.1e-05	44
3.7e-05	54
0.000143	214
4e-06	4
2.2e-05	31
2.8e-05	40
3e-06	2
0.000151	226
3.6e-05	52
9.9e-05	147
3e-06	2
9e-06	11
4.9e-05	72
4.1e-05	60
4e-05	58
4.2e-05	61
9.7e-05	144
2e-05	28
8.8e-05	131
5.4e-05	79
3.6e-05	52
3.7e-05	54
3.2e-05	46
3.8e-05	55
0.000268	404
1.9e-05	26
1.8e-05	25
1.5e-05	20
1.4e-05	19
1.7e-05	23
1.6e-05	22
1.1e-05	14
5.2e-05	76
1.3e-05	17
2.5e-05	35
9.5e-05	141
2.7e-05	38
2.9e-05	41
5.8e-05	85
1.4e-05	19
8.4e-05	125
3.6e-05	52
3.7e-05	54
3.4e-05	49
3.5e-05	50
3e-05	43
5.3e-05	78
5.7e-05	84
0.000107	160
0.000188	282
0.000236	355
8.4e-05	125
5.6e-05	82
5.4e-05	79
5.5e-05	81
3.6e-05	52
3.2e-05	46
0.000139	208
6.8e-05	101
6.6e-05	97
3.3e-05	47
0.000114	170
3e-05	43
3.2e-05	46
3.4e-05	49
3.6e-05	52
3.7e-05	54
3.9e-05	57
3.2e-05	46
3.3e-05	47
3e-05	43
3.6e-05	52
3.7e-05	54
3.4e-05	49
3.8e-05	55
4.1e-05	60
4.6e-05	67
2.5e-05	35
2.7e-05	38
2e-05	28
2.1e-05	29
2.2e-05	31
4e-05	58
4.1e-05	60
4.4e-05	64
4.5e-05	66
4e-05	58
3.9e-05	57
1.5e-05	20
1.1e-05	14
1.6e-05	22
1.7e-05	23
1.4e-05	19
1.5e-05	20
1.2e-05	16
1.3e-05	17
1e-05	13
3.6e-05	52
1.8e-05	25
1.9e-05	26
2.9e-05	41
2.8e-05	40
8e-06	10
2.5e-05	35
7e-06	8
2.7e-05	38
5e-06	5
2.3e-05	32
2.2e-05	31
6e-06	7
8.3e-05	123
4.7e-05	69
0.000465	702
6.7e-05	99
0.000126	188
2.2e-05	31
2.3e-05	32
2e-05	28
2.1e-05	29
2.6e-05	37
2.7e-05	38
2.4e-05	34
2.5e-05	35
2.8e-05	40
5.5e-05	81
5.9e-05	87
3.7e-05	54
2.1e-05	29
4.2e-05	61
0.0002	301
3.4e-05	49
3.5e-05	50
3.4e-05	49
3.7e-05	54
3.6e-05	52
2e-05	28
4e-05	58
5.5e-05	81
5.3e-05	78
4e-06	4
5e-06	5
6e-06	7
7e-06	8
6e-06	7
2.8e-05	40
3e-06	2
2.6e-05	37
2.7e-05	38
2.4e-05	34
2.5e-05	35
8e-06	10
2.3e-05	32
2e-05	28
2.1e-05	29
2.6e-05	37
2.4e-05	34
2.5e-05	35
2.2e-05	31
2.3e-05	32
2e-05	28
2.1e-05	29
2.6e-05	37
2.2e-05	31
2.8e-05	40
2.9e-05	41
1.1e-05	14
5.8e-05	85
6.5e-05	96
0.000108	161
3.3e-05	47
0.00013	194
1.2e-05	16
5.1e-05	75
5.1e-05	75
2.8e-05	40
6.6e-05	97
0.000107	160
4.9e-05	72
4.8e-05	70
2.9e-05	41
1.8e-05	25
1.7e-05	23
1.6e-05	22
2.6e-05	37
2.7e-05	38
4.5e-05	66
1.2e-05	16
1.1e-05	14
1.9e-05	26
1.8e-05	25
1.5e-05	20
1.4e-05	19
1.7e-05	23
1.6e-05	22
1.1e-05	14
1e-05	13
1.3e-05	17
1.2e-05	16
2.2e-05	31
2.3e-05	32
0.000164	246
2.1e-05	29
2.7e-05	38
2.4e-05	34
2.5e-05	35
2.8e-05	40
2.7e-05	38
2.6e-05	37
2.5e-05	35
2.4e-05	34
2.3e-05	32
2.2e-05	31
2.1e-05	29
2e-05	28
2.8e-05	40
0.000103	154
1.6e-05	22
3.1e-05	44
4.6e-05	67
4.5e-05	66
8.6e-05	128
9.7e-05	144
8.4e-05	125
1.4e-05	19
5e-06	5
6e-05	88
0.00018	270
2.2e-05	31
2.4e-05	34
2.5e-05	35
8.5e-05	126
6.7e-05	99
1.1e-05	14
5.9e-05	87
1.4e-05	19
1.5e-05	20
1.6e-05	22
1.7e-05	23
1e-05	13
1.1e-05	14
1.2e-05	16
1.3e-05	17
1.8e-05	25
1.8e-05	25
1.9e-05	26
9.7e-05	144
9.3e-05	138
2.8e-05	40
2.6e-05	37
2.7e-05	38
2.4e-05	34
2.5e-05	35
2.2e-05	31
2.3e-05	32
2e-05	28
2.1e-05	29
6.1e-05	90
9e-06	11
8e-06	10
4.4e-05	64
3e-06	2
2e-06	1
7e-06	8
6e-06	7
5e-06	5
4e-06	4
6.2e-05	91
4.9e-05	72
4.2e-05	61
4.3e-05	63
4.4e-05	64
4.5e-05	66
7.6e-05	113
0.000111	166
3.1e-05	44
3.3e-05	47
1.9e-05	26
3.6e-05	52
6.7e-05	99
1.3e-05	17
0.000106	158
4.4e-05	64
4.5e-05	66
7e-05	104
1.8e-05	25
1.9e-05	26
8.5e-05	126
1.2e-05	16
1.3e-05	17
1e-05	13
1.1e-05	14
1.6e-05	22
1.7e-05	23
1.4e-05	19
1.5e-05	20
5e-05	73
5.8e-05	85
6.5e-05	96
5.3e-05	78
5.9e-05	87
0.000108	161
0.000175	263
2e-05	28
4.9e-05	72
6.8e-05	101
6.6e-05	97
4e-05	58
2.5e-05	35
1.7e-05	23
8.2e-05	122
8.1e-05	120
9e-06	11
8e-06	10
5e-06	5
5.3e-05	78
4.2e-05	61
3e-05	43
4.5e-05	66
1.6e-05	22
4.1e-05	60
8.4e-05	125
4.8e-05	70
9.4e-05	140
2.7e-05	38
2.6e-05	37
2.4e-05	34
4.4e-05	64
2.2e-05	31
2.1e-05	29
2e-05	28
2.9e-05	41
2.8e-05	40
8.2e-05	122
0.000365	551
4e-05	58
4.1e-05	60
4.3e-05	63
4.4e-05	64
2.8e-05	40
5e-05	73
5e-05	73
5.7e-05	84
3.4e-05	49
3e-06	2
3.4e-05	49
9e-06	11
6.5e-05	96
6.4e-05	94
0.000117	175
2.3e-05	32
4.3e-05	63
1.1e-05	14
0.000347	523
3e-05	43
3.3e-05	47
3.6e-05	52
3.9e-05	57
5e-05	73
4.9e-05	72
5.8e-05	85
9.9e-05	147
5.5e-05	81
0.000156	234
3.9e-05	57
3.8e-05	55
3.7e-05	54
3.6e-05	52
3.2e-05	46
3e-05	43
3.5e-05	50
3.4e-05	49
3.6e-05	52
3.2e-05	46
2.5e-05	35
4.5e-05	66
1.1e-05	14
4.2e-05	61
4.3e-05	63
6e-06	7
8e-06	10
3e-06	2
7e-06	8
0.000107	160
4e-05	58
7.6e-05	113
8.4e-05	125
0.00027	407
3e-05	43
3.3e-05	47
3.4e-05	49
3.5e-05	50
3.6e-05	52
5.5e-05	81
1.4e-05	19
5.1e-05	75
5e-05	73
5.3e-05	78
4.1e-05	60
4.2e-05	61
4.5e-05	66
3.9e-05	57
0.000148	222
8.7e-05	129
4.8e-05	70
4.7e-05	69
4.1e-05	60
4.2e-05	61
3.8e-05	55
4.6e-05	67
1.6e-05	22
8.2e-05	122
3e-06	2
2e-06	1
1e-05	13
7e-06	8
6e-06	7
5e-06	5
4e-06	4
4.5e-05	66
9e-06	11
8e-06	10
0.000118	176
1.6e-05	22
3e-05	43
6e-06	7
0.000127	190
7.8e-05	116
1.5e-05	20
1.6e-05	22
1e-05	13
1.1e-05	14
1.2e-05	16
3.6e-05	52
7.1e-05	105
3.4e-05	49
3.5e-05	50
3.2e-05	46
1.9e-05	26
1.6e-05	22
7.7e-05	114
5.1e-05	75
5.7e-05	84
0.000131	196
2.9e-05	41
2.8e-05	40
2.5e-05	35
2.4e-05	34
2.7e-05	38
2.6e-05	37
2.1e-05	29
2e-05	28
2.3e-05	32
2.2e-05	31
3.2e-05	46
1.1e-05	14
2.8e-05	40
2.9e-05	41
2.4e-05	34
2.5e-05	35
2.6e-05	37
2.7e-05	38
2e-05	28
2.1e-05	29
2.2e-05	31
2.3e-05	32
5.8e-05	85
5.6e-05	82
5e-05	73
3.1e-05	44
0.000193	290
6.8e-05	101
4.8e-05	70
4.9e-05	72
4.2e-05	61
6.1e-05	90
4e-05	58
4.1e-05	60
4.2e-05	61
6.7e-05	99
2.1e-05	29
2e-05	28
2.3e-05	32
2.2e-05	31
2.5e-05	35
6.4e-05	94
2.9e-05	41
2.8e-05	40
4.5e-05	66
8.1e-05	120
0.00013	194
4.7e-05	69
1.8e-05	25
1.9e-05	26
1.4e-05	19
1.5e-05	20
1.6e-05	22
1.7e-05	23
1.1e-05	14
1.2e-05	16
1.3e-05	17
7e-06	8
8e-06	10
9e-06	11
4e-06	4
5e-06	5
6e-06	7
7e-06	8
2e-06	1
0.000176	264
6.2e-05	91
9e-06	11
5.2e-05	76
5.4e-05	79
4.4e-05	64
4.6e-05	67
4.1e-05	60
6.4e-05	94
5.9e-05	87
4.5e-05	66
5.6e-05	82
5.7e-05	84
2.5e-05	35
2.4e-05	34
2.1e-05	29
2.3e-05	32
2.2e-05	31
0.000249	375
6.4e-05	94
6.2e-05	91
4.6e-05	67
0.000101	151
0.000203	305
5e-05	73
5.4e-05	79
9e-06	11
8e-06	10
3e-06	2
2e-06	1
5e-06	5
4e-06	4
7e-06	8
6e-06	7
6.6e-05	97
4.8e-05	70
7.4e-05	110
2.9e-05	41
7.2e-05	107
9.7e-05	144
7.3e-05	108
0.000236	355
3.7e-05	54
3.2e-05	46
3e-05	43
1.8e-05	25
2.9e-05	41
3.8e-05	55
3e-05	43
3.1e-05	44
3.3e-05	47
3.4e-05	49
3.5e-05	50
3.6e-05	52
4.3e-05	63
0.000118	176
1.6e-05	22
1.8e-05	25
9.4e-05	140
9.7e-05	144
2.4e-05	34
6.9e-05	102
3e-06	2
7.9e-05	117
1e-05	13
9.4e-05	140
1.4e-05	19
7.5e-05	111
7.4e-05	110
7.9e-05	117
9.1e-05	135
1.1e-05	14
1.5e-05	20
1.4e-05	19
1.7e-05	23
1.6e-05	22
1.9e-05	26
1.8e-05	25
8.4e-05	125
0.000308	464
6.5e-05	96
6.3e-05	93
1.1e-05	14
8.9e-05	132
8.1e-05	120
5.2e-05	76
7.1e-05	105
1.2e-05	16
1e-05	13
1.1e-05	14
1.6e-05	22
1.7e-05	23
1.4e-05	19
1.5e-05	20
5.1e-05	75
1.8e-05	25
1.9e-05	26
3.2e-05	46
4.9e-05	72
4.8e-05	70
3.5e-05	50
4.3e-05	63
4.1e-05	60
3.8e-05	55
4.5e-05	66
1.3e-05	17
5.7e-05	84
2.5e-05	35
2.4e-05	34
2.7e-05	38
2.6e-05	37
2.1e-05	29
2e-05	28
2.3e-05	32
2.2e-05	31
2.1e-05	29
2.8e-05	40
6e-05	88
6.1e-05	90
1.2e-05	16
3.2e-05	46
3.3e-05	47
3e-05	43
3.1e-05	44
3.2e-05	46
3.8e-05	55
2.1e-05	29
5.8e-05	85
3e-06	2
7e-06	8
6e-06	7
5e-06	5
4e-06	4
0.000122	182
9e-06	11
8e-06	10
4.7e-05	69
4e-05	58
4.8e-05	70
4.3e-05	63
7.1e-05	105
7e-05	104
0.000172	258
6e-06	7
7e-06	8
4e-06	4
5e-06	5
2e-06	1
3e-06	2
8e-06	10
9e-06	11
3.6e-05	52
3.5e-05	50
3.4e-05	49
3.3e-05	47
3.1e-05	44
3.8e-05	55
5.2e-05	76
2.6e-05	37
2.5e-05	35
2.8e-05	40
2.9e-05	41
4e-05	58
2.1e-05	29
2.5e-05	35
2.6e-05	37
2.7e-05	38
2e-05	28
2.1e-05	29
4.8e-05	70
2.3e-05	32
6.7e-05	99
0.000197	296
4e-05	58
7e-05	104
5.8e-05	85
7.2e-05	107
0.000113	169
2.9e-05	41
2.8e-05	40
2.6e-05	37
2.5e-05	35
2.4e-05	34
2.3e-05	32
2.2e-05	31
2.1e-05	29
2e-05	28
1.1e-05	14
3.4e-05	49
3.3e-05	47
3e-05	43
3.8e-05	55
3.9e-05	57
4e-05	58
2.9e-05	41
4.6e-05	67
2.6e-05	37
2.7e-05	38
2.4e-05	34
2.5e-05	35
2.2e-05	31
2.3e-05	32
2e-05	28
2.1e-05	29
2.9e-05	41
4.5e-05	66
4.1e-05	60
4e-05	58
4.9e-05	72
4.8e-05	70
6e-06	7
0.000137	205
3.8e-05	55
3.5e-05	50
3.6e-05	52
3.2e-05	46
1.9e-05	26
1.8e-05	25
2.4e-05	34
1.3e-05	17
1.2e-05	16
1.1e-05	14
1e-05	13
1.7e-05	23
1.6e-05	22
1.5e-05	20
1.4e-05	19
7.7e-05	114
4.2e-05	61
4.1e-05	60
4e-05	58
4.5e-05	66
0.000449	678
2.1e-05	29
0.000277	417
8.6e-05	128
5.3e-05	78
7.3e-05	108
2e-05	28
6e-05	88
5e-05	73
5.7e-05	84
1.1e-05	14
7e-06	8
1.4e-05	19
1.5e-05	20
1.6e-05	22
3e-06	2
1.8e-05	25
1.9e-05	26
8e-06	10
1.9e-05	26
1.8e-05	25
1.9e-05	26
1.9e-05	26
1.8e-05	25
1.7e-05	23
1.6e-05	22
1.5e-05	20
1.7e-05	23
1.3e-05	17
1.2e-05	16
1.1e-05	14
1e-05	13
1.8e-05	25
1.4e-05	19
2.6e-05	37
1e-05	13
1.1e-05	14
1.2e-05	16
1.3e-05	17
1.4e-05	19
1.5e-05	20
1.6e-05	22
1.7e-05	23
5.5e-05	81
4.6e-05	67
4.7e-05	69
4.2e-05	61
4.9e-05	72
1.2e-05	16
1.3e-05	17
1e-05	13
8.7e-05	129
1.6e-05	22
1.7e-05	23
1.4e-05	19
1.5e-05	20
6.2e-05	91
1.8e-05	25
1.9e-05	26
4.4e-05	64
6.1e-05	90
0.00012	179
0.000107	160
2.3e-05	32
2.4e-05	34
2.7e-05	38
2.8e-05	40
0.000209	314
2.1e-05	29
3e-06	2
8e-06	10
8.8e-05	131
0.000138	207
8.3e-05	123
7e-05	104
1.6e-05	22
0.000127	190
1.6e-05	22
1.5e-05	20
1.1e-05	14
1.8e-05	25
6.5e-05	96
6.3e-05	93
4.9e-05	72
7.1e-05	105
4.5e-05	66
4.1e-05	60
3.7e-05	54
7.6e-05	113
7.8e-05	116
0.000103	154
2.7e-05	38
2.6e-05	37
2.5e-05	35
2.4e-05	34
4.3e-05	63
8.7e-05	129
3.9e-05	57
2.8e-05	40
2.8e-05	40
2.2e-05	31
2.3e-05	32
5.7e-05	84
5.3e-05	78
3.7e-05	54
3.5e-05	50
3.4e-05	49
3.1e-05	44
6.4e-05	94
3e-05	43
5.7e-05	84
3.7e-05	54
2.4e-05	34
5.9e-05	87
1.5e-05	20
1.7e-05	23
1.6e-05	22
8.7e-05	129
6.5e-05	96
4.6e-05	67
5.1e-05	75
9.5e-05	141
4.2e-05	61
7.3e-05	108
7.7e-05	114
3.7e-05	54
3.3e-05	47
3.9e-05	57
5e-06	5
4.7e-05	69
7.3e-05	108
7e-05	104
4.1e-05	60
3.2e-05	46
3.1e-05	44
3.7e-05	54
3.4e-05	49
3.9e-05	57
3.1e-05	44
3.7e-05	54
3.5e-05	50
3.4e-05	49
3.3e-05	47
3e-05	43
3.9e-05	57
3.8e-05	55
2.5e-05	35
2.4e-05	34
2.7e-05	38
2.6e-05	37
2.1e-05	29
2e-05	28
2.3e-05	32
2.2e-05	31
2.9e-05	41
0.000168	252
7e-06	8
2.7e-05	38
5.4e-05	79
5.6e-05	82
1.6e-05	22
0.000225	338
5.8e-05	85
2.3e-05	32
7.5e-05	111
2.1e-05	29
2e-05	28
2.6e-05	37
2.5e-05	35
3e-06	2
2e-06	1
2.9e-05	41
2.8e-05	40
7e-06	8
6e-06	7
5e-06	5
4e-06	4
7.9e-05	117
7.4e-05	110
7.5e-05	111
7.6e-05	113
7.2e-05	107
5.7e-05	84
8e-05	119
8e-06	10
9e-06	11
0.000124	185
2e-06	1
3e-06	2
3.1e-05	44
5e-06	5
6e-06	7
7e-06	8
6e-06	7
6.8e-05	101
4e-06	4
5e-06	5
3e-06	2
3e-06	2
7e-06	8
6e-06	7
8e-06	10
9e-06	11
4.7e-05	69
4.9e-05	72
4.8e-05	70
1.6e-05	22
3e-06	2
2e-06	1
5e-06	5
4e-06	4
7e-06	8
6e-06	7
9e-06	11
8e-06	10
1.9e-05	26
1.8e-05	25
1.1e-05	14
1e-05	13
1.3e-05	17
1.2e-05	16
1.5e-05	20
1.4e-05	19
1.7e-05	23
1.6e-05	22
4e-06	4
5e-06	5
6e-06	7
7e-06	8
8e-06	10
9e-06	11
2.9e-05	41
2.8e-05	40
2.7e-05	38
2.6e-05	37
2.5e-05	35
2.4e-05	34
2.3e-05	32
2.2e-05	31
2.1e-05	29
2e-05	28
2.7e-05	38
2.3e-05	32
2.1e-05	29
1.4e-05	19
2.9e-05	41
0.000253	381
5e-05	73
1.7e-05	23
5.2e-05	76
1.5e-05	20
1.2e-05	16
1e-05	13
5.7e-05	84
4.3e-05	63
1.9e-05	26
8.8e-05	131
3.8e-05	55
3.5e-05	50
3.4e-05	49
3.1e-05	44
3e-05	43
3.3e-05	47
1.4e-05	19
1.6e-05	22
1.7e-05	23
1.1e-05	14
1.2e-05	16
7e-06	8
9e-06	11
1.9e-05	26
4.2e-05	61
1.1e-05	14
5.1e-05	75
3.1e-05	44
7e-05	104
8.2e-05	122
1.1e-05	14
6.1e-05	90
1.7e-05	23
1.6e-05	22
1.5e-05	20
1.4e-05	19
1.3e-05	17
1.2e-05	16
1.1e-05	14
1e-05	13
1.9e-05	26
1.8e-05	25
3.7e-05	54
3.6e-05	52
3.5e-05	50
2.2e-05	31
3e-05	43
8.7e-05	129
3.9e-05	57
1.2e-05	16
3.8e-05	55
2.9e-05	41
3.6e-05	52
2.7e-05	38
2.5e-05	35
2e-05	28
2.1e-05	29
4.3e-05	63
2.4e-05	34
3.5e-05	50
3e-05	43
3.6e-05	52
3.7e-05	54
3.4e-05	49
3.5e-05	50
3.7e-05	54
3.4e-05	49
3e-05	43
3.1e-05	44
3.8e-05	55
4e-05	58
4.1e-05	60
3.8e-05	55
6.3e-05	93
5.1e-05	75
0.000151	226
0.000109	163
6.1e-05	90
4.7e-05	69
6.1e-05	90
9.6e-05	143
3.4e-05	49
3.5e-05	50
8e-05	119
7.9e-05	117
6e-05	88
2.8e-05	40
2.9e-05	41
4.8e-05	70
2e-05	28
4.7e-05	69
2.2e-05	31
2.3e-05	32
2.4e-05	34
2.5e-05	35
2.7e-05	38
2.5e-05	35
2.4e-05	34
4e-05	58
2.3e-05	32
5.2e-05	76
3.6e-05	52
0.000141	211
2.5e-05	35
3.9e-05	57
3.5e-05	50
3.4e-05	49
3.7e-05	54
3.6e-05	52
8e-05	119
3e-05	43
3.3e-05	47
3.2e-05	46
8.3e-05	123
0.0001	149
3.5e-05	50
1.9e-05	26
9e-05	134
1.3e-05	17
1.7e-05	23
1.6e-05	22
1.5e-05	20
1.4e-05	19
3.7e-05	54
0.000326	491
3.4e-05	49
6.8e-05	101
7.1e-05	105
7e-06	8
0.000169	254
9e-06	11
7e-06	8
3e-05	43
3.3e-05	47
3.5e-05	50
0.000136	204
5.7e-05	84
5.5e-05	81
2.9e-05	41
7e-06	8
6e-06	7
5e-06	5
4e-06	4
3e-06	2
2e-06	1
9e-06	11
8e-06	10
2.9e-05	41
4e-06	4
4.1e-05	60
2.1e-05	29
2.6e-05	37
1.9e-05	26
5.2e-05	76
4.5e-05	66
1.1e-05	14
5.6e-05	82
1e-05	13
5e-05	73
5.2e-05	76
4.2e-05	61
4.5e-05	66
5.6e-05	82
7e-06	8
6.7e-05	99
9e-06	11
8e-06	10
1.1e-05	14
5.8e-05	85
5.9e-05	87
5e-05	73
5.6e-05	82
1.4e-05	19
1.7e-05	23
1.1e-05	14
1e-05	13
1.3e-05	17
3.3e-05	47
3.2e-05	46
3.6e-05	52
3.4e-05	49
4.7e-05	69
4.6e-05	67
4.4e-05	64
4.3e-05	63
4e-05	58
3.2e-05	46
3.7e-05	54
0.000183	275
5.1e-05	75
4e-05	58
4.7e-05	69
1.8e-05	25
9.7e-05	144
3.4e-05	49
5e-06	5
4e-06	4
7e-06	8
6e-06	7
3e-06	2
2e-06	1
9e-06	11
8e-06	10
7.8e-05	116
2e-06	1
3e-06	2
4e-06	4
5e-06	5
6e-06	7
7e-06	8
8e-06	10
9e-06	11
2.1e-05	29
3.2e-05	46
8.7e-05	129
2.9e-05	41
2.8e-05	40
2.5e-05	35
2.4e-05	34
2.7e-05	38
2.6e-05	37
3.1e-05	44
2e-05	28
2.3e-05	32
2.2e-05	31
4.5e-05	66
2e-05	28
2.7e-05	38
2.8e-05	40
4.8e-05	70
6.1e-05	90
6e-06	7
8.9e-05	132
2.6e-05	37
2.3e-05	32
2.1e-05	29
2e-05	28
2.6e-05	37
2.5e-05	35
2.4e-05	34
2.9e-05	41
2.8e-05	40
4.1e-05	60
3e-06	2
5e-06	5
4e-06	4
6e-05	88
6e-06	7
9e-06	11
8e-06	10
1.1e-05	14
6.6e-05	97
6.7e-05	99
2.8e-05	40
2.9e-05	41
2e-05	28
2.1e-05	29
2.6e-05	37
2.7e-05	38
5.9e-05	87
8.8e-05	131
6.3e-05	93
0.000189	284
1.1e-05	14
9.6e-05	143
6e-05	88
4.3e-05	63
4.4e-05	64
4.2e-05	61
1.6e-05	22
0.000101	151
3.8e-05	55
3.7e-05	54
3.4e-05	49
2.5e-05	35
2.2e-05	31
2.3e-05	32
2e-05	28
3.1e-05	44
1.9e-05	26
1.8e-05	25
1.1e-05	14
1e-05	13
1.3e-05	17
1.2e-05	16
1.5e-05	20
1.4e-05	19
1.7e-05	23
1.6e-05	22
6.8e-05	101
9.5e-05	141
2.9e-05	41
2.8e-05	40
2.7e-05	38
2.6e-05	37
4.4e-05	64
2.3e-05	32
2.2e-05	31
2.1e-05	29
2e-05	28
6.5e-05	96
3.7e-05	54
3.6e-05	52
3.5e-05	50
1.8e-05	25
3.3e-05	47
3.2e-05	46
3e-05	43
7.6e-05	113
3.9e-05	57
3.8e-05	55
4.6e-05	67
4.8e-05	70
3e-05	43
3.3e-05	47
3.2e-05	46
3.5e-05	50
3.4e-05	49
3.7e-05	54
3.6e-05	52
3e-06	2
3.6e-05	52
9.7e-05	144
4e-06	4
1.1e-05	14
1.1e-05	14
5.2e-05	76
1.1e-05	14
3.7e-05	54
0.000452	682
8.1e-05	120
9.5e-05	141
4.1e-05	60
4.6e-05	67
4.5e-05	66
1.1e-05	14
1.4e-05	19
5.9e-05	87
5.7e-05	84
2e-06	1
3e-06	2
6e-06	7
7e-06	8
4e-06	4
5e-06	5
8e-06	10
9e-06	11
2e-05	28
2.2e-05	31
2.5e-05	35
2.9e-05	41
5.4e-05	79
8.2e-05	122
0.000107	160
3.9e-05	57
0.000104	155
3.4e-05	49
3.6e-05	52
3.4e-05	49
3e-05	43
3.7e-05	54
4.9e-05	72
0.000118	176
8.2e-05	122
1.1e-05	14
1.2e-05	16
6.6e-05	97
0.00033	497
3e-06	2
0.000619	935
4.5e-05	66
2.9e-05	41
2.8e-05	40
2.1e-05	29
2e-05	28
2.3e-05	32
2.2e-05	31
2.5e-05	35
2.4e-05	34
2.7e-05	38
2.6e-05	37
9e-06	11
9e-06	11
0.0001	149
7.8e-05	116
4e-06	4
7.1e-05	105
7e-06	8
0.000124	185
5.7e-05	84
0.00012	179
2.5e-05	35
2.4e-05	34
2.7e-05	38
3.8e-05	55
2.1e-05	29
2e-05	28
2.3e-05	32
2.2e-05	31
3.2e-05	46
3.1e-05	44
2.9e-05	41
3.6e-05	52
3.4e-05	49
8.1e-05	120
0.000151	226
1.5e-05	20
1.4e-05	19
1.7e-05	23
2.4e-05	34
1.1e-05	14
2.3e-05	32
1.9e-05	26
1.8e-05	25
1.4e-05	19
1.3e-05	17
7.5e-05	111
7.3e-05	108
1.9e-05	26
9.2e-05	137
1.2e-05	16
0.000111	166
9.2e-05	137
3.2e-05	46
3.6e-05	52
3.8e-05	55
2.8e-05	40
2.9e-05	41
2.2e-05	31
2.3e-05	32
2e-05	28
2.1e-05	29
2.7e-05	38
2.4e-05	34
2.5e-05	35
1.9e-05	26
1.8e-05	25
1.7e-05	23
1.6e-05	22
1.5e-05	20
1.4e-05	19
1.3e-05	17
1.2e-05	16
1.1e-05	14
1e-05	13
6.3e-05	93
5.5e-05	81
5.6e-05	82
5.9e-05	87
4.6e-05	67
4.5e-05	66
4e-05	58
5e-05	73
4.8e-05	70
2e-06	1
3.8e-05	55
0.000209	314
3.2e-05	46
3.6e-05	52
3.7e-05	54
8e-05	119
3.2e-05	46
4e-05	58
2.6e-05	37
2.5e-05	35
2.4e-05	34
2.3e-05	32
6.3e-05	93
2.7e-05	38
4.3e-05	63
4.2e-05	61
4e-05	58
7e-06	8
6e-06	7
2e-06	1
9e-06	11
6.9e-05	102
4e-06	4
3.2e-05	46
0.000163	244
9e-05	134
9.9e-05	147
0.000159	238
4.9e-05	72
4.5e-05	66
4.7e-05	69
4e-05	58
0.000114	170
4.3e-05	63
4.4e-05	64
4.6e-05	67
4.1e-05	60
5.5e-05	81
9.2e-05	137
5.7e-05	84
5e-05	73
5.1e-05	75
5.8e-05	85
5.9e-05	87
7e-05	104
4.4e-05	64
0.000273	411
8.9e-05	132
1.6e-05	22
1.8e-05	25
6e-06	7
6.8e-05	101
1.9e-05	26
1.8e-05	25
0.000108	161
1.1e-05	14
1e-05	13
1.3e-05	17
1.2e-05	16
1.5e-05	20
1.4e-05	19
1.7e-05	23
1.6e-05	22
5.2e-05	76
2.7e-05	38
2.4e-05	34
2.1e-05	29
4e-05	58
1.1e-05	14
2e-05	28
0.000124	185
2.2e-05	31
2.4e-05	34
2.6e-05	37
4.1e-05	60
0.000662	1000
0.000247	372
6.5e-05	96
5.1e-05	75
0.00061	922
3.4e-05	49
2.9e-05	41
2.4e-05	34
2.5e-05	35
3.4e-05	49
2e-05	28
3.3e-05	47
2.2e-05	31
8.4e-05	125
0.00042	634
8.1e-05	120
6.2e-05	91
3.8e-05	55
1.5e-05	20
1.6e-05	22
1.1e-05	14
1.2e-05	16
7e-05	104
9e-05	134
7.5e-05	111
5.9e-05	87
5.7e-05	84
5.4e-05	79
5.2e-05	76
7.1e-05	105
5.9e-05	87
5.8e-05	85
5.4e-05	79
5.6e-05	82
6.7e-05	99
2e-05	28
4.2e-05	61
0.000102	152
4.9e-05	72
4.8e-05	70
4.6e-05	67
0.000107	160
3.6e-05	52
3.7e-05	54
3.6e-05	52
6.6e-05	97
3.2e-05	46
9e-06	11
8.7e-05	129
4.5e-05	66
5.5e-05	81
4e-05	58
4.9e-05	72
4.8e-05	70
4e-05	58
5.7e-05	84
1.1e-05	14
1.3e-05	17
1.2e-05	16
1.5e-05	20
0.000214	322
1.2e-05	16
1.3e-05	17
1e-05	13
1.1e-05	14
1.6e-05	22
1.7e-05	23
1.4e-05	19
1.5e-05	20
1.8e-05	25
1.9e-05	26
1.8e-05	25
1.9e-05	26
5.2e-05	76
1e-05	13
1.1e-05	14
1.2e-05	16
1.3e-05	17
1.4e-05	19
1.5e-05	20
1.6e-05	22
1.7e-05	23
5.4e-05	79
1.4e-05	19
1.5e-05	20
8.5e-05	126
3.6e-05	52
3.5e-05	50
3.4e-05	49
3.3e-05	47
3.2e-05	46
5.9e-05	87
2e-05	28
7.7e-05	114
1.3e-05	17
1.1e-05	14
2.2e-05	31
7.1e-05	105
4.5e-05	66
4.3e-05	63
3.3e-05	47
3.2e-05	46
3.5e-05	50
3.7e-05	54
3.6e-05	52
7.5e-05	111
6.8e-05	101
6.4e-05	94
9e-06	11
7e-06	8
6e-06	7
4e-06	4
3e-06	2
0.00011	164
7.4e-05	110
5.7e-05	84
1.6e-05	22
1.6e-05	22
6.9e-05	102
6.5e-05	96
6.7e-05	99
6.1e-05	90
6e-05	88
7.3e-05	108
8e-06	10
3.8e-05	55
6.6e-05	97
6.2e-05	91
2.9e-05	41
6e-05	88
2.5e-05	35
2.7e-05	38
2e-05	28
2.1e-05	29
6.8e-05	101
5.8e-05	85
4.8e-05	70
7.7e-05	114
2.7e-05	38
4e-05	58
4.1e-05	60
4.2e-05	61
4.3e-05	63
4.6e-05	67
0.000141	211
1.6e-05	22
1.5e-05	20
1.4e-05	19
1.3e-05	17
1.2e-05	16
1.1e-05	14
1e-05	13
1.9e-05	26
1.8e-05	25
9e-06	11
8e-06	10
0.000111	166
6e-06	7
5e-06	5
4e-06	4
3e-06	2
2e-06	1
5e-06	5
4e-06	4
7e-06	8
6e-06	7
3e-06	2
2e-06	1
9e-06	11
8e-06	10
0.000143	214
4e-05	58
4.3e-05	63
4.7e-05	69
4.9e-05	72
8e-05	119
9.5e-05	141
0.000139	208
0.000121	181
2.8e-05	40
2.3e-05	32
2.2e-05	31
2.1e-05	29
2e-05	28
2.7e-05	38
2.6e-05	37
2.5e-05	35
2.4e-05	34
3.9e-05	57
1.9e-05	26
7e-06	8
4.7e-05	69
5e-05	73
1.1e-05	14
1.1e-05	14
2.1e-05	29
5.2e-05	76
3.4e-05	49
6e-06	7
0.000113	169
8e-06	10
3.8e-05	55
3e-05	43
3.1e-05	44
3.5e-05	50
2.6e-05	37
4.7e-05	69
4e-05	58
4.3e-05	63
4.9e-05	72
7.3e-05	108
1.4e-05	19
4.3e-05	63
2.5e-05	35
5.3e-05	78
5.2e-05	76
2.1e-05	29
5.7e-05	84
2.2e-05	31
4.1e-05	60
4.6e-05	67
4e-05	58
4.1e-05	60
8.6e-05	128
8e-06	10
9e-06	11
6e-06	7
7e-06	8
4e-06	4
5e-06	5
2e-06	1
3e-06	2
3.8e-05	55
3.2e-05	46
3e-05	43
3.5e-05	50
3.4e-05	49
4.7e-05	69
2.7e-05	38
2.3e-05	32
4.1e-05	60
1.1e-05	14
9e-06	11
3e-06	2
3.4e-05	49
3.5e-05	50
3.6e-05	52
3e-05	43
5.3e-05	78
3.3e-05	47
3.4e-05	49
6e-05	88
3.7e-05	54
3.7e-05	54
1.6e-05	22
8.6e-05	128
3.8e-05	55
8.6e-05	128
3.2e-05	46
5e-05	73
3.1e-05	44
3.6e-05	52
0.000124	185
3.4e-05	49
3.5e-05	50
3.8e-05	55
3.9e-05	57
1.5e-05	20
3.1e-05	44
1e-05	13
1.3e-05	17
1.2e-05	16
1.5e-05	20
1.4e-05	19
1.7e-05	23
3.6e-05	52
1.9e-05	26
1.8e-05	25
6.6e-05	97
1.1e-05	14
8.1e-05	120
0.000116	173
1.3e-05	17
1.2e-05	16
1.1e-05	14
1e-05	13
6.2e-05	91
1.6e-05	22
1.5e-05	20
1.4e-05	19
1.9e-05	26
1.8e-05	25
9.1e-05	135
0.000146	219
2.1e-05	29
2e-05	28
4.6e-05	67
2.2e-05	31
2.5e-05	35
2.7e-05	38
2.6e-05	37
2.8e-05	40
0.000308	464
4e-06	4
4.7e-05	69
0.000106	158
7.5e-05	111
7e-06	8
6e-06	7
4.8e-05	70
4e-06	4
4.5e-05	66
2e-06	1
4.7e-05	69
4.6e-05	67
4.9e-05	72
0.0001	149
3.4e-05	49
2.5e-05	35
3.4e-05	49
3.5e-05	50
4.3e-05	63
4.7e-05	69
5.9e-05	87
8.1e-05	120
6.6e-05	97
2e-05	28
2.1e-05	29
2.2e-05	31
2.3e-05	32
2.4e-05	34
2.5e-05	35
2.6e-05	37
2.7e-05	38
2.8e-05	40
2.9e-05	41
4.2e-05	61
3.4e-05	49
3.1e-05	44
3.9e-05	57
0.00011	164
4.9e-05	72
1.3e-05	17
1.6e-05	22
1.7e-05	23
1.7e-05	23
7.9e-05	117
3e-05	43
3.3e-05	47
3.2e-05	46
3.6e-05	52
2.1e-05	29
2e-05	28
2.3e-05	32
2.2e-05	31
2.5e-05	35
2.7e-05	38
2.6e-05	37
2.7e-05	38
2.8e-05	40
2.5e-05	35
2.3e-05	32
2.2e-05	31
2.1e-05	29
2e-05	28
2.7e-05	38
2.4e-05	34
6.9e-05	102
6.8e-05	101
6e-06	7
3e-05	43
6.2e-05	91
6e-05	88
6.4e-05	94
5.6e-05	82
0.000106	158
2.9e-05	41
4e-05	58
4.3e-05	63
4.4e-05	64
2.7e-05	38
6.5e-05	96
9e-06	11
8e-06	10
5e-06	5
4e-06	4
7e-06	8
6e-06	7
3e-06	2
3.8e-05	55
4.5e-05	66
0.0001	149
4.7e-05	69
3.8e-05	55
4.3e-05	63
8e-06	10
7.7e-05	114
7.4e-05	110
2.3e-05	32
3.2e-05	46
3.4e-05	49
3.5e-05	50
3.4e-05	49
4.9e-05	72
3.9e-05	57
1.3e-05	17
5e-05	73
5.3e-05	78
5.5e-05	81
5e-05	73
8e-05	119
1.4e-05	19
2.9e-05	41
2e-05	28
2.1e-05	29
2.2e-05	31
2.4e-05	34
2.6e-05	37
2.7e-05	38
4.9e-05	72
6e-05	88
4.2e-05	61
4.1e-05	60
4.6e-05	67
4e-06	4
8.4e-05	125
7e-06	8
4.6e-05	67
9e-06	11
5e-06	5
1.9e-05	26
1.8e-05	25
1.5e-05	20
1.4e-05	19
1.6e-05	22
1.1e-05	14
1e-05	13
1.3e-05	17
1.2e-05	16
5e-05	73
3.3e-05	47
3.2e-05	46
3e-05	43
3.7e-05	54
3.6e-05	52
3.5e-05	50
7.4e-05	110
1.6e-05	22
7.5e-05	111
3.1e-05	44
1.3e-05	17
0.000175	263
1e-05	13
4.1e-05	60
1.8e-05	25
9.2e-05	137
0.000136	204
0.000153	229
8.4e-05	125
5.4e-05	79
9.5e-05	141
5.1e-05	75
5.8e-05	85
1.3e-05	17
1.2e-05	16
1.1e-05	14
1e-05	13
1.7e-05	23
1.6e-05	22
1.5e-05	20
1.4e-05	19
1.6e-05	22
1.9e-05	26
1.8e-05	25
1.9e-05	26
1.8e-05	25
1.9e-05	26
1.6e-05	22
1.1e-05	14
1.2e-05	16
1.5e-05	20
1.4e-05	19
1.5e-05	20
1.6e-05	22
1.7e-05	23
9.3e-05	138
1.3e-05	17
9.6e-05	143
9.2e-05	137
3.5e-05	50
3.4e-05	49
5.2e-05	76
3.6e-05	52
4.8e-05	70
3.3e-05	47
3.2e-05	46
3.8e-05	55
4.3e-05	63
3.8e-05	55
3.9e-05	57
3.4e-05	49
3.5e-05	50
3e-05	43
3.1e-05	44
3.2e-05	46
3.3e-05	47
1.4e-05	19
2.7e-05	38
2.2e-05	31
1.6e-05	22
1.4e-05	19
1e-05	13
1.1e-05	14
4.8e-05	70
1.2e-05	16
4.2e-05	61
4.4e-05	64
4.6e-05	67
1.9e-05	26
4.2e-05	61
3.9e-05	57
8e-06	10
9e-06	11
1.1e-05	14
1.6e-05	22
5e-06	5
6e-06	7
7e-06	8
3.9e-05	57
8e-06	10
9e-06	11
2e-06	1
3e-06	2
6e-06	7
7e-06	8
4e-06	4
5e-06	5
1.9e-05	26
2.3e-05	32
1.2e-05	16
2.1e-05	29
2e-05	28
2.7e-05	38
2.6e-05	37
2.5e-05	35
2.4e-05	34
2.9e-05	41
5e-05	73
5.5e-05	81
2.1e-05	29
2e-05	28
2.3e-05	32
2.2e-05	31
2.5e-05	35
2.4e-05	34
2.7e-05	38
4e-06	4
5e-06	5
6e-06	7
3.5e-05	50
3.2e-05	46
3.3e-05	47
3e-05	43
3.1e-05	44
3.5e-05	50
8e-06	10
9e-06	11
3.8e-05	55
2.4e-05	34
2.5e-05	35
2.6e-05	37
2.7e-05	38
2e-05	28
2.1e-05	29
2.2e-05	31
2.3e-05	32
9.2e-05	137
0.000172	258
4.7e-05	69
8e-06	10
4e-06	4
6e-06	7
7e-06	8
3.3e-05	47
3.1e-05	44
3e-05	43
3.6e-05	52
3.4e-05	49
3.8e-05	55
6e-05	88
1.3e-05	17
9.3e-05	138
9.7e-05	144
3.3e-05	47
3.4e-05	49
6.9e-05	102
1.1e-05	14
1.5e-05	20
1.4e-05	19
1.7e-05	23
1.6e-05	22
1.1e-05	14
1e-05	13
1.3e-05	17
1.2e-05	16
9.9e-05	147
5.1e-05	75
1.9e-05	26
1.8e-05	25
1.1e-05	14
3.3e-05	47
3.2e-05	46
3.1e-05	44
3e-05	43
3.7e-05	54
3.5e-05	50
3.4e-05	49
1.1e-05	14
9e-06	11
6e-06	7
4e-06	4
6e-06	7
7e-06	8
5e-06	5
7.7e-05	114
8.2e-05	122
4.8e-05	70
4.4e-05	64
0.000266	401
0.000177	266
1.1e-05	14
6e-06	7
9e-06	11
6.1e-05	90
6.4e-05	94
3e-05	43
6.8e-05	101
8.5e-05	126
9e-06	11
0.00014	210
0.000107	160
5.4e-05	79
5.6e-05	82
5e-05	73
1.3e-05	17
5.8e-05	85
1e-05	13
1.1e-05	14
1.2e-05	16
1.3e-05	17
1.4e-05	19
1.5e-05	20
0.000151	226
1.7e-05	23
1.8e-05	25
1.9e-05	26
1.9e-05	26
1.8e-05	25
1.7e-05	23
1.6e-05	22
1.1e-05	14
1e-05	13
2e-05	28
2.1e-05	29
2.2e-05	31
2.3e-05	32
2.4e-05	34
2.5e-05	35
2.6e-05	37
2.7e-05	38
2.8e-05	40
6.3e-05	93
0.000304	458
5.9e-05	87
0.000102	152
3.7e-05	54
3.6e-05	52
3.2e-05	46
6.9e-05	102
2.2e-05	31
5.3e-05	78
3.2e-05	46
3.3e-05	47
3e-05	43
3.6e-05	52
2.6e-05	37
2.6e-05	37
3.8e-05	55
2.1e-05	29
5.7e-05	84
3.2e-05	46
1.3e-05	17
1.2e-05	16
1.1e-05	14
1e-05	13
1.7e-05	23
1.6e-05	22
0.000117	175
6.3e-05	93
1.9e-05	26
1.8e-05	25
4.1e-05	60
4.2e-05	61
4.3e-05	63
4.4e-05	64
4.5e-05	66
4.6e-05	67
4.7e-05	69
4.8e-05	70
4.9e-05	72
0.000104	155
8.8e-05	131
3e-05	43
3.2e-05	46
4.4e-05	64
4.2e-05	61
3.6e-05	52
4e-05	58
3.8e-05	55
3.9e-05	57
3.1e-05	44
1.6e-05	22
1.7e-05	23
1.4e-05	19
1.5e-05	20
1.2e-05	16
1.3e-05	17
1e-05	13
1.1e-05	14
9.2e-05	137
1.8e-05	25
1.9e-05	26
4.1e-05	60
6e-06	7
0.0001	149
4.2e-05	61
2.5e-05	35
6.5e-05	96
5.9e-05	87
1.4e-05	19
2.2e-05	31
2.3e-05	32
2e-05	28
2.1e-05	29
2.6e-05	37
2.7e-05	38
2.4e-05	34
2.5e-05	35
2.8e-05	40
2.9e-05	41
1.1e-05	14
1.2e-05	16
1.6e-05	22
6.7e-05	99
6.2e-05	91
3.3e-05	47
5e-06	5
3.6e-05	52
3.9e-05	57
3.8e-05	55
4.4e-05	64
4.2e-05	61
4e-05	58
4.3e-05	63
4.2e-05	61
2e-06	1
8e-06	10
9e-06	11
5.3e-05	78
7e-06	8
4e-06	4
5e-06	5
2e-06	1
3e-06	2
5.5e-05	81
8.2e-05	122
6.3e-05	93
6.9e-05	102
6e-05	88
6.4e-05	94
4.4e-05	64
6.4e-05	94
1.6e-05	22
2.8e-05	40
2.9e-05	41
2.6e-05	37
2.7e-05	38
2.4e-05	34
2.5e-05	35
2.2e-05	31
2.3e-05	32
2e-05	28
2.1e-05	29
2.4e-05	34
2.3e-05	32
2e-05	28
2.1e-05	29
1e-05	13
1.2e-05	16
1.5e-05	20
1.4e-05	19
2.8e-05	40
1.6e-05	22
5.2e-05	76
1.7e-05	23
2e-05	28
6.1e-05	90
7.2e-05	107
9e-06	11
7.8e-05	116
7.8e-05	116
1.7e-05	23
4.7e-05	69
3.6e-05	52
3.5e-05	50
3e-05	43
3.5e-05	50
3.5e-05	50
3.6e-05	52
3.1e-05	44
3.2e-05	46
3e-06	2
4e-05	58
4.3e-05	63
4.5e-05	66
1.9e-05	26
1.5e-05	20
1.4e-05	19
1.7e-05	23
1.6e-05	22
1.1e-05	14
1.3e-05	17
1.2e-05	16
2.2e-05	31
2.3e-05	32
2e-05	28
2.1e-05	29
2.6e-05	37
2.7e-05	38
2.4e-05	34
4e-06	4
6e-06	7
2.9e-05	41
3.9e-05	57
3e-05	43
7.1e-05	105
3.2e-05	46
3.4e-05	49
5.5e-05	81
3.6e-05	52
2.7e-05	38
2.6e-05	37
2.5e-05	35
2.4e-05	34
2.3e-05	32
2.2e-05	31
2.1e-05	29
2e-05	28
7.6e-05	113
2.9e-05	41
2.8e-05	40
3.1e-05	44
3.3e-05	47
5.6e-05	82
4.4e-05	64
4e-05	58
4.3e-05	63
4.5e-05	66
0.0001	149
3.1e-05	44
8e-05	119
8.8e-05	131
8.1e-05	120
5.9e-05	87
2.7e-05	38
5.3e-05	78
2.6e-05	37
2.7e-05	38
2.4e-05	34
4.2e-05	61
2.2e-05	31
6.8e-05	101
2e-05	28
4.6e-05	67
4.9e-05	72
3.2e-05	46
3.1e-05	44
3e-05	43
3.7e-05	54
2.1e-05	29
3.3e-05	47
3e-05	43
3.1e-05	44
3.6e-05	52
3.5e-05	50
1.4e-05	19
1.5e-05	20
1.6e-05	22
0.000149	223
1e-05	13
1.1e-05	14
1.2e-05	16
1.3e-05	17
1.8e-05	25
1.9e-05	26
7.3e-05	108
7.2e-05	107
7e-05	104
7.5e-05	111
4e-06	4
9e-06	11
8e-06	10
3e-06	2
3e-06	2
6e-06	7
7e-06	8
5e-06	5
4e-06	4
0.000372	561
6e-05	88
6.5e-05	96
6.7e-05	99
5.4e-05	79
5.2e-05	76
9e-06	11
3e-05	43
4.8e-05	70
4.3e-05	63
4e-05	58
4.1e-05	60
4.6e-05	67
7.7e-05	114
2.2e-05	31
5.2e-05	76
2.8e-05	40
3.9e-05	57
3.8e-05	55
2e-06	1
3e-06	2
6e-06	7
7e-06	8
4e-06	4
5e-06	5
3e-06	2
8e-06	10
9e-06	11
9e-05	134
8e-05	119
5.4e-05	79
5.1e-05	75
5.2e-05	76
3.5e-05	50
3.1e-05	44
3e-05	43
3.2e-05	46
6.2e-05	91
3.9e-05	57
3.8e-05	55
0.000129	193
3e-06	2
3e-05	43
5.3e-05	78
6e-06	7
0.000136	204
3.8e-05	55
3.5e-05	50
5.9e-05	87
3.2e-05	46
3e-05	43
1.8e-05	25
1.9e-05	26
7.4e-05	110
1.2e-05	16
1.3e-05	17
1e-05	13
1.1e-05	14
1.6e-05	22
1.7e-05	23
1.4e-05	19
1.5e-05	20
5.2e-05	76
7e-05	104
2.4e-05	34
2.2e-05	31
8.9e-05	132
3e-05	43
2.5e-05	35
3.2e-05	46
3.3e-05	47
2.1e-05	29
3.6e-05	52
3.8e-05	55
8.3e-05	123
6e-06	7
3.8e-05	55
4e-05	58
4.3e-05	63
2.5e-05	35
2.4e-05	34
4.8e-05	70
2e-05	28
2.2e-05	31
2.9e-05	41
3.9e-05	57
3.5e-05	50
3.1e-05	44
4.7e-05	69
4.5e-05	66
4.2e-05	61
4e-05	58
4.1e-05	60
4.9e-05	72
2.7e-05	38
2.6e-05	37
2.5e-05	35
2.4e-05	34
2.3e-05	32
2.2e-05	31
2.1e-05	29
2e-05	28
2.9e-05	41
2.8e-05	40
0.000162	243
3e-05	43
3.3e-05	47
3.4e-05	49
5.3e-05	78
5.7e-05	84
5.5e-05	81
5.1e-05	75
5.1e-05	75
6.6e-05	97
0.000164	246
5e-06	5
4.6e-05	67
4.1e-05	60
4e-05	58
4.2e-05	61
4.9e-05	72
4.2e-05	61
4e-06	4
1.6e-05	22
5.7e-05	84
4.6e-05	67
5.5e-05	81
5.1e-05	75
5e-05	73
4.9e-05	72
9.3e-05	138
6.1e-05	90
2.7e-05	38
5.1e-05	75
0.000138	207
1.4e-05	19
0.000116	173
4.6e-05	67
4.7e-05	69
4.8e-05	70
1.2e-05	16
1.3e-05	17
0.000108	161
1.1e-05	14
1.6e-05	22
1.7e-05	23
1.4e-05	19
1.5e-05	20
1.8e-05	25
1.9e-05	26
9e-06	11
8e-06	10
3e-06	2
5e-06	5
9.5e-05	141
6e-06	7
0.000105	157
6.6e-05	97
6.7e-05	99
7.7e-05	114
3e-05	43
3.2e-05	46
7.9e-05	117
3.5e-05	50
3.6e-05	52
2.3e-05	32
2.6e-05	37
2.4e-05	34
2.9e-05	41
2.8e-05	40
7.1e-05	105
8.2e-05	122
4.9e-05	72
6.2e-05	91
4.6e-05	67
4.9e-05	72
3e-06	2
2e-06	1
7e-06	8
6e-06	7
5e-06	5
4e-06	4
9e-06	11
8e-06	10
4.9e-05	72
4.7e-05	69
0.00017	255
4e-05	58
9.1e-05	135
5.9e-05	87
3.8e-05	55
3.9e-05	57
3.6e-05	52
5.5e-05	81
3.4e-05	49
3.5e-05	50
3.2e-05	46
3.3e-05	47
3e-05	43
3.1e-05	44
0.000127	190
0.00013	194
9.8e-05	146
7e-06	8
2.9e-05	41
2.8e-05	40
2.5e-05	35
2.4e-05	34
2.7e-05	38
2.6e-05	37
2.1e-05	29
2e-05	28
2.3e-05	32
2.2e-05	31
0.000171	257
2.6e-05	37
8.2e-05	122
8.9e-05	132
2.8e-05	40
2.9e-05	41
2.4e-05	34
2.5e-05	35
2.6e-05	37
2.7e-05	38
2e-05	28
2.1e-05	29
2.2e-05	31
2.3e-05	32
5.4e-05	79
2.9e-05	41
6e-06	7
7e-06	8
6.6e-05	97
1.2e-05	16
1.1e-05	14
1.6e-05	22
1.4e-05	19
1.5e-05	20
2.1e-05	29
9.6e-05	143
6.6e-05	97
2.4e-05	34
2.6e-05	37
2.7e-05	38
2e-05	28
2.1e-05	29
2.2e-05	31
2.3e-05	32
5.3e-05	78
4.5e-05	66
4.4e-05	64
4.7e-05	69
1.8e-05	25
4e-05	58
2.9e-05	41
2.7e-05	38
1.5e-05	20
1.6e-05	22
1.7e-05	23
1.1e-05	14
1.2e-05	16
2e-05	28
5.5e-05	81
5.4e-05	79
8e-06	10
9e-06	11
4e-06	4
5e-06	5
6e-06	7
7e-06	8
1.1e-05	14
3e-06	2
3.9e-05	57
3.2e-05	46
4.7e-05	69
3.4e-05	49
1.7e-05	23
1.1e-05	14
1.9e-05	26
3e-06	2
7.2e-05	107
0.000103	154
2.3e-05	32
6e-06	7
5.3e-05	78
9e-06	11
2.6e-05	37
4e-06	4
5.7e-05	84
5.2e-05	76
1.8e-05	25
1.9e-05	26
1.6e-05	22
1.7e-05	23
1.5e-05	20
9e-06	11
9e-06	11
3.3e-05	47
3.2e-05	46
3.7e-05	54
3.5e-05	50
0.000122	182
6e-05	88
0.000128	191
0.000203	305
9.4e-05	140
0.000173	260
6.5e-05	96
6.7e-05	99
8e-06	10
6.8e-05	101
2e-06	1
4.9e-05	72
4.4e-05	64
5.8e-05	85
1.8e-05	25
1.9e-05	26
1.4e-05	19
1.5e-05	20
1.6e-05	22
1.7e-05	23
1e-05	13
1.1e-05	14
1.2e-05	16
1.3e-05	17
9e-06	11
8e-06	10
3e-06	2
2e-06	1
5e-06	5
4e-06	4
7e-06	8
6e-06	7
1.4e-05	19
1.2e-05	16
1.3e-05	17
1e-05	13
1.1e-05	14
1.6e-05	22
1.7e-05	23
1.4e-05	19
1.5e-05	20
1.8e-05	25
1.9e-05	26
4.9e-05	72
2.8e-05	40
7.5e-05	111
7.8e-05	116
7.4e-05	110
2.7e-05	38
2.6e-05	37
2.5e-05	35
2.4e-05	34
2.3e-05	32
2.2e-05	31
2.1e-05	29
2e-05	28
2.9e-05	41
2.8e-05	40
0.000203	305
3.8e-05	55
3.9e-05	57
3e-05	43
3.1e-05	44
3.2e-05	46
3.3e-05	47
3.6e-05	52
6e-05	88
8.1e-05	120
8e-05	119
9.8e-05	146
9.4e-05	140
1.4e-05	19
3.3e-05	47
3.2e-05	46
3e-05	43
3.5e-05	50
0.000184	276
0.000126	188
3.9e-05	57
1.8e-05	25
7e-05	104
7.3e-05	108
4.3e-05	63
7.5e-05	111
0.00016	240
2.2e-05	31
4.2e-05	61
4.3e-05	63
4e-05	58
9e-06	11
4.4e-05	64
4.5e-05	66
8e-06	10
6e-06	7
0.000126	188
3.8e-05	55
7.2e-05	107
3.7e-05	54
3.2e-05	46
5.9e-05	87
5.5e-05	81
5.4e-05	79
1.5e-05	20
8e-06	10
0.000309	466
1.2e-05	16
1.3e-05	17
1.1e-05	14
1.6e-05	22
1.7e-05	23
1.4e-05	19
1.8e-05	25
5.2e-05	76
0.000138	207
1.5e-05	20
5e-05	73
4.9e-05	72
5e-06	5
9.3e-05	138
4.5e-05	66
4.4e-05	64
8e-05	119
5.6e-05	82
0.000106	158
6e-05	88
2.5e-05	35
2.4e-05	34
2.7e-05	38
2.6e-05	37
2.1e-05	29
2e-05	28
2.3e-05	32
2.2e-05	31
2.9e-05	41
2.8e-05	40
3e-06	2
7e-06	8
7.3e-05	108
8e-05	119
7.6e-05	113
1.3e-05	17
8.2e-05	122
3.4e-05	49
4.6e-05	67
4.9e-05	72
4.2e-05	61
4.2e-05	61
4e-05	58
4.1e-05	60
4.8e-05	70
4.9e-05	72
5.4e-05	79
5.2e-05	76
5.5e-05	81
2.1e-05	29
0.000157	235
0.000343	517
7.1e-05	105
6e-06	7
8.5e-05	126
0.00026	391
8e-06	10
2e-06	1
3e-06	2
3.2e-05	46
6e-06	7
8e-06	10
9e-06	11
3.5e-05	50
1.2e-05	16
3e-05	43
9.1e-05	135
3.1e-05	44
9.5e-05	141
4e-06	4
7e-05	104
4.9e-05	72
0.000182	273
2.9e-05	41
2.8e-05	40
2.7e-05	38
2.6e-05	37
2.5e-05	35
2.4e-05	34
2.3e-05	32
2.2e-05	31
2.1e-05	29
3.7e-05	54
3.4e-05	49
3.5e-05	50
3.2e-05	46
3e-05	43
3.1e-05	44
5.9e-05	87
3.9e-05	57
7.7e-05	114
2.6e-05	37
2.7e-05	38
2.4e-05	34
2.5e-05	35
2.2e-05	31
2.3e-05	32
2e-05	28
2.1e-05	29
2.8e-05	40
2.9e-05	41
5e-05	73
3.9e-05	57
6.8e-05	101
1.9e-05	26
5.6e-05	82
5.7e-05	84
2.4e-05	34
2.7e-05	38
2.8e-05	40
0.000108	161
3.6e-05	52
3.7e-05	54
1.9e-05	26
1.8e-05	25
1.3e-05	17
1.2e-05	16
1.1e-05	14
1e-05	13
1.7e-05	23
1.6e-05	22
1.5e-05	20
3.3e-05	47
7e-06	8
1.3e-05	17
7.4e-05	110
9e-06	11
0.000662	1000
1.5e-05	20
1.4e-05	19
1.7e-05	23
1.6e-05	22
1.1e-05	14
1e-05	13
1.3e-05	17
1.2e-05	16
1.9e-05	26
1.8e-05	25
0.000185	278
1.6e-05	22
1.5e-05	20
1.4e-05	19
1.3e-05	17
1.2e-05	16
1.1e-05	14
1e-05	13
1.9e-05	26
1.8e-05	25
7.7e-05	114
8.3e-05	123
1.1e-05	14
6.3e-05	93
3.6e-05	52
3.7e-05	54
7.3e-05	108
7.2e-05	107
3.2e-05	46
3.3e-05	47
3e-05	43
5.4e-05	79
5.7e-05	84
3.5e-05	50
1.9e-05	26
1.8e-05	25
1.7e-05	23
1.6e-05	22
1.4e-05	19
1.3e-05	17
1.2e-05	16
1.1e-05	14
8e-06	10
8.9e-05	132
1.6e-05	22
2.4e-05	34
4e-06	4
7e-06	8
3.9e-05	57
8e-06	10
1.2e-05	16
1.3e-05	17
1e-05	13
1.1e-05	14
1.6e-05	22
1.7e-05	23
1.4e-05	19
1.5e-05	20
0.000129	193
1.8e-05	25
1.9e-05	26
1.1e-05	14
2.8e-05	40
2.9e-05	41
0.000113	169
2e-05	28
2.1e-05	29
2.2e-05	31
2.3e-05	32
2.4e-05	34
2.5e-05	35
2.6e-05	37
2.7e-05	38
2.6e-05	37
0.000236	355
1.9e-05	26
0.000222	334
8e-06	10
1.9e-05	26
1.8e-05	25
1.3e-05	17
1.2e-05	16
1.1e-05	14
1e-05	13
1.6e-05	22
1.5e-05	20
1.4e-05	19
8.1e-05	120
9.6e-05	143
1.4e-05	19
1.9e-05	26
1.3e-05	17
1.2e-05	16
1.1e-05	14
1.6e-05	22
1.4e-05	19
2.5e-05	35
2.8e-05	40
5.7e-05	84
5.4e-05	79
6.2e-05	91
5.8e-05	85
5.5e-05	81
5.3e-05	78
5.1e-05	75
1.8e-05	25
5e-05	73
1.1e-05	14
1.4e-05	19
1.1e-05	14
7.7e-05	114
3.1e-05	44
3.3e-05	47
0.000106	158
0.000314	473
0.000108	161
0.000108	161
0.000192	288
2.8e-05	40
0.000132	197
2e-05	28
2.1e-05	29
2.2e-05	31
2.3e-05	32
2.4e-05	34
2.5e-05	35
2.6e-05	37
4.9e-05	72
5.4e-05	79
5e-06	5
0.000106	158
4.3e-05	63
4.2e-05	61
4e-05	58
4.4e-05	64
0.000141	211
1.6e-05	22
9.1e-05	135
7.9e-05	117
1.4e-05	19
6.3e-05	93
2.5e-05	35
2.7e-05	38
2e-05	28
2.3e-05	32
1.1e-05	14
7.8e-05	116
2.3e-05	32
2.2e-05	31
2.1e-05	29
2e-05	28
2.7e-05	38
2.6e-05	37
2.5e-05	35
2.4e-05	34
2.9e-05	41
2.8e-05	40
2.6e-05	37
2.9e-05	41
2.8e-05	40
2.5e-05	35
2.4e-05	34
2.1e-05	29
2e-05	28
2.3e-05	32
2.2e-05	31
4.6e-05	67
3.3e-05	47
4.5e-05	66
4.2e-05	61
3.3e-05	47
3.4e-05	49
5.1e-05	75
5.6e-05	82
6.1e-05	90
6e-05	88
1.1e-05	14
9.7e-05	144
2.9e-05	41
2.1e-05	29
4.2e-05	61
3e-06	2
2e-06	1
5e-06	5
4e-06	4
7e-06	8
6e-06	7
9e-06	11
8e-05	119
1.9e-05	26
1.8e-05	25
6.4e-05	94
1.1e-05	14
1e-05	13
1.2e-05	16
1.5e-05	20
1.4e-05	19
1.7e-05	23
1.6e-05	22
4.1e-05	60
5.8e-05	85
0.000315	475
5.5e-05	81
5.4e-05	79
5.7e-05	84
1.6e-05	22
1.7e-05	23
1.4e-05	19
0.00026	391
1.1e-05	14
1.8e-05	25
1.9e-05	26
4.3e-05	63
3.5e-05	50
3.4e-05	49
3.1e-05	44
3.2e-05	46
3.2e-05	46
5.2e-05	76
2.7e-05	38
5.1e-05	75
4.6e-05	67
1.4e-05	19
9.1e-05	135
4.8e-05	70
5.8e-05	85
5.9e-05	87
0.000156	234
1.1e-05	14
4.3e-05	63
4.6e-05	67
4.7e-05	69
3.9e-05	57
3.8e-05	55
3e-05	43
3.3e-05	47
3.2e-05	46
3.4e-05	49
3.7e-05	54
3.6e-05	52
3.2e-05	46
3.5e-05	50
3.4e-05	49
3.8e-05	55
3.6e-05	52
3.9e-05	57
6.3e-05	93
8.5e-05	126
0.0001	149
8.3e-05	123
6.5e-05	96
2e-06	1
3e-06	2
5.1e-05	75
7e-06	8
4e-06	4
5e-06	5
8e-06	10
9e-06	11
0.00013	194
0.000132	197
6.2e-05	91
8e-06	10
9e-06	11
6.6e-05	97
6e-06	7
3.9e-05	57
3e-06	2
2.8e-05	40
2.9e-05	41
2e-05	28
2.1e-05	29
2.2e-05	31
2.3e-05	32
2.4e-05	34
2.5e-05	35
2.6e-05	37
2.7e-05	38
3.9e-05	57
3.5e-05	50
3.4e-05	49
3.7e-05	54
3.6e-05	52
3e-05	43
3.2e-05	46
5.2e-05	76
3.7e-05	54
3.2e-05	46
5.3e-05	78
5.1e-05	75
5.7e-05	84
5.4e-05	79
8e-05	119
2.1e-05	29
0.000309	466
2.5e-05	35
2.3e-05	32
3.5e-05	50
2.4e-05	34
2.7e-05	38
3.6e-05	52
2.8e-05	40
5.6e-05	82
2.9e-05	41
4.3e-05	63
4.7e-05	69
6.9e-05	102
7.3e-05	108
3e-05	43
1.3e-05	17
1.1e-05	14
1e-05	13
1.7e-05	23
1.6e-05	22
1.4e-05	19
0.000174	261
1.9e-05	26
1.7e-05	23
1.6e-05	22
1.4e-05	19
4e-05	58
1.9e-05	26
1.8e-05	25
6e-05	88
5.4e-05	79
5.2e-05	76
5.1e-05	75
3.2e-05	46
9e-06	11
7e-06	8
6e-06	7
5e-06	5
2.4e-05	34
2.2e-05	31
2.1e-05	29
2e-05	28
2.9e-05	41
2.8e-05	40
8.2e-05	122
0.000185	278
3e-06	2
6e-06	7
1.6e-05	22
2.9e-05	41
1.3e-05	17
2.3e-05	32
4.3e-05	63
2.5e-05	35
2.4e-05	34
2.7e-05	38
9.1e-05	135
7.1e-05	105
6.5e-05	96
4.9e-05	72
0.00015	225
4.7e-05	69
6.7e-05	99
3.2e-05	46
1e-05	13
1.1e-05	14
1.5e-05	20
1.6e-05	22
0.000118	176
0.000113	169
3.6e-05	52
1.4e-05	19
5e-06	5
3e-05	43
7e-06	8
6e-06	7
3.4e-05	49
3e-06	2
3.6e-05	52
3.5e-05	50
9e-06	11
8e-06	10
4.1e-05	60
4.1e-05	60
4e-05	58
4.8e-05	70
1.1e-05	14
4.7e-05	69
3.7e-05	54
3.6e-05	52
3.3e-05	47
3.8e-05	55
2.8e-05	40
8.4e-05	125
8.1e-05	120
6e-06	7
3.5e-05	50
6.5e-05	96
4e-05	58
4.3e-05	63
4.6e-05	67
5.4e-05	79
0.000106	158
1.6e-05	22
1.9e-05	26
1.4e-05	19
1.5e-05	20
1.7e-05	23
1.1e-05	14
0.000115	172
3.1e-05	44
3e-05	43
0.000118	176
3e-05	43
6.8e-05	101
3.9e-05	57
5.2e-05	76
5e-05	73
3.1e-05	44
8.8e-05	131
7.9e-05	117
5e-05	73
5.5e-05	81
4.2e-05	61
4.1e-05	60
3.1e-05	44
0.000182	273
0.000394	594
4.8e-05	70
4.1e-05	60
4.4e-05	64
2.8e-05	40
4.6e-05	67
0.000375	566
2.5e-05	35
1.9e-05	26
1.8e-05	25
4.3e-05	63
1.3e-05	17
1.2e-05	16
1.1e-05	14
1e-05	13
1.7e-05	23
1.6e-05	22
1.5e-05	20
1.4e-05	19
0.000183	275
8.7e-05	129
5.4e-05	79
3.1e-05	44
5e-06	5
4e-05	58
4.6e-05	67
6.2e-05	91
0.000306	461
2.7e-05	38
4.8e-05	70
4.9e-05	72
4.2e-05	61
4.3e-05	63
4.1e-05	60
2.9e-05	41
2.3e-05	32
2e-05	28
2.1e-05	29
3.3e-05	47
3.2e-05	46
2.4e-05	34
3e-05	43
3e-06	2
6e-06	7
7e-06	8
4e-06	4
5e-06	5
8e-06	10
9e-06	11
2.9e-05	41
6.9e-05	102
0.000162	243
5.6e-05	82
9.4e-05	140
5.2e-05	76
5.1e-05	75
2.2e-05	31
0.000104	155
1.1e-05	14
1.6e-05	22
3.4e-05	49
3.5e-05	50
3.6e-05	52
3.7e-05	54
3e-05	43
3.1e-05	44
3.2e-05	46
3.3e-05	47
2.9e-05	41
2.2e-05	31
7e-05	104
2.7e-05	38
2.5e-05	35
2.4e-05	34
4.3e-05	63
4.6e-05	67
4.4e-05	64
7.3e-05	108
5.6e-05	82
3.5e-05	50
3.3e-05	47
9.5e-05	141
3.6e-05	52
3.4e-05	49
3.4e-05	49
3.3e-05	47
3.2e-05	46
7e-06	8
0.000145	217
9.3e-05	138
5.2e-05	76
5.5e-05	81
6.1e-05	90
6.2e-05	91
6.6e-05	97
2.8e-05	40
2.1e-05	29
2e-05	28
2.3e-05	32
2.2e-05	31
6.1e-05	90
2.4e-05	34
2.7e-05	38
2.6e-05	37
0.000109	163
8.6e-05	128
0.000113	169
4e-05	58
0.000154	231
8.1e-05	120
3e-05	43
6.9e-05	102
3.7e-05	54
3.6e-05	52
1.8e-05	25
1.9e-05	26
5.1e-05	75
5e-05	73
1e-05	13
1.1e-05	14
1.2e-05	16
1.3e-05	17
1.4e-05	19
1.5e-05	20
1.6e-05	22
1.7e-05	23
2.1e-05	29
2.3e-05	32
2.9e-05	41
2.6e-05	37
3.8e-05	55
3.6e-05	52
3.4e-05	49
3.2e-05	46
3.1e-05	44
3e-05	43
2.9e-05	41
6e-06	7
2.6e-05	37
1.6e-05	22
1.1e-05	14
2e-05	28
3.6e-05	52
3.2e-05	46
3e-05	43
3.1e-05	44
6e-06	7
3.6e-05	52
3.8e-05	55
3.9e-05	57
0.000291	438
9.1e-05	135
6.6e-05	97
9e-06	11
8e-06	10
7e-06	8
6e-06	7
5e-06	5
4e-06	4
3e-06	2
2.5e-05	35
1.8e-05	25
1.7e-05	23
1.6e-05	22
1.1e-05	14
1e-05	13
1.3e-05	17
1.9e-05	26
1.8e-05	25
1.7e-05	23
1.6e-05	22
1.5e-05	20
1.4e-05	19
5.4e-05	79
1.2e-05	16
1.1e-05	14
1e-05	13
0.000114	170
0.000101	151
4.4e-05	64
1.8e-05	25
3.7e-05	54
7.8e-05	116
4.8e-05	70
4.1e-05	60
4.6e-05	67
4.5e-05	66
9.2e-05	137
3.8e-05	55
3e-05	43
3.1e-05	44
3.6e-05	52
3.4e-05	49
3.5e-05	50
5.5e-05	81
8.1e-05	120
5.8e-05	85
5.6e-05	82
2.5e-05	35
2.1e-05	29
5.6e-05	82
0.000101	151
3.7e-05	54
3e-05	43
3.3e-05	47
3.2e-05	46
0.000126	188
6.5e-05	96
4.1e-05	60
4.2e-05	61
4.4e-05	64
4.6e-05	67
4.2e-05	61
1.4e-05	19
7.6e-05	113
6.4e-05	94
0.000156	234
1.6e-05	22
2.9e-05	41
2.8e-05	40
2.3e-05	32
2.2e-05	31
2.1e-05	29
2e-05	28
2.7e-05	38
2.6e-05	37
2.5e-05	35
2.4e-05	34
7e-06	8
1.2e-05	16
9e-06	11
0.000162	243
0.000188	282
8.5e-05	126
6.3e-05	93
3e-06	2
8.4e-05	125
1.9e-05	26
1.3e-05	17
0.000149	223
3.6e-05	52
5.4e-05	79
2e-05	28
8.2e-05	122
6.9e-05	102
8.7e-05	129
6.1e-05	90
0.000143	214
2.8e-05	40
2.9e-05	41
2.4e-05	34
2.5e-05	35
2.6e-05	37
2.1e-05	29
2.2e-05	31
9.1e-05	135
1.5e-05	20
0.000177	266
1.1e-05	14
4.5e-05	66
1.3e-05	17
4.9e-05	72
6e-05	88
6.9e-05	102
2e-05	28
0.000121	181
4.5e-05	66
4.2e-05	61
4e-05	58
1.8e-05	25
1.9e-05	26
1.6e-05	22
1.7e-05	23
1.4e-05	19
1.5e-05	20
1.3e-05	17
1e-05	13
1.6e-05	22
6.7e-05	99
6.4e-05	94
6.6e-05	97
9e-06	11
8e-06	10
1.6e-05	22
5e-06	5
4e-06	4
7e-06	8
3e-06	2
1.1e-05	14
2.4e-05	34
2.5e-05	35
2.7e-05	38
2.8e-05	40
3.4e-05	49
5.2e-05	76
1.9e-05	26
8.6e-05	128
1.1e-05	14
1e-05	13
1.1e-05	14
1.2e-05	16
1.3e-05	17
1.4e-05	19
1.5e-05	20
1.6e-05	22
1.7e-05	23
1.8e-05	25
1.9e-05	26
1.1e-05	14
2.2e-05	31
7e-06	8
6e-06	7
0.000107	160
0.000136	204
9e-06	11
9.3e-05	138
4.9e-05	72
4.2e-05	61
4e-05	58
3.2e-05	46
3.3e-05	47
3e-05	43
3.1e-05	44
3.6e-05	52
3.7e-05	54
3.4e-05	49
3.9e-05	57
6.8e-05	101
6.3e-05	93
8e-05	119
1.5e-05	20
1.1e-05	14
1e-05	13
1.3e-05	17
1.2e-05	16
1.5e-05	20
1.4e-05	19
1.7e-05	23
1.6e-05	22
1.9e-05	26
1.8e-05	25
6.7e-05	99
4.2e-05	61
4e-05	58
4.1e-05	60
4.6e-05	67
4.7e-05	69
4.4e-05	64
4.8e-05	70
4.9e-05	72
0.000266	401
0.000116	173
5e-06	5
0.000169	254
1e-05	13
4.9e-05	72
3.9e-05	57
3.8e-05	55
3.7e-05	54
3.6e-05	52
3.5e-05	50
3.4e-05	49
3.3e-05	47
3.1e-05	44
3e-05	43
2e-05	28
4.2e-05	61
0.000183	275
4.7e-05	69
3.6e-05	52
5.7e-05	84
7.4e-05	110
2.1e-05	29
2e-05	28
2.3e-05	32
2.2e-05	31
2.5e-05	35
2.4e-05	34
2.7e-05	38
2.6e-05	37
2.9e-05	41
2.8e-05	40
7.8e-05	116
0.000132	197
1.1e-05	14
1e-05	13
0.000173	260
1.8e-05	25
3.1e-05	44
3e-05	43
3.3e-05	47
3.2e-05	46
3.5e-05	50
3.4e-05	49
3.9e-05	57
6e-06	7
2.9e-05	41
2.8e-05	40
2.6e-05	37
2.4e-05	34
2.3e-05	32
2e-05	28
0.000116	173
0.00014	210
3e-05	43
9.1e-05	135
3.8e-05	55
5.4e-05	79
5.1e-05	75
5.1e-05	75
5.2e-05	76
0.000106	158
9.5e-05	141
4.9e-05	72
5.3e-05	78
4e-05	58
4.1e-05	60
4.2e-05	61
4.3e-05	63
4.4e-05	64
2.9e-05	41
0.000149	223
1.8e-05	25
1.9e-05	26
1.6e-05	22
1.7e-05	23
1.4e-05	19
1.5e-05	20
1.2e-05	16
1.3e-05	17
1e-05	13
1.1e-05	14
0.000108	161
6.5e-05	96
1.6e-05	22
1.5e-05	20
6.6e-05	97
0.000112	167
1.2e-05	16
6.3e-05	93
6.5e-05	96
1.9e-05	26
1.8e-05	25
4.8e-05	70
9e-06	11
8e-06	10
7e-06	8
6e-06	7
5e-06	5
4e-06	4
3e-06	2
6.7e-05	99
6.8e-05	101
0.000146	219
2.4e-05	34
2.6e-05	37
2.1e-05	29
2e-05	28
2.3e-05	32
1.3e-05	17
9e-06	11
8e-06	10
5e-06	5
4e-06	4
7e-06	8
6e-06	7
3e-06	2
2e-06	1
5.4e-05	79
3.6e-05	52
3.3e-05	47
1.4e-05	19
3.9e-05	57
5.1e-05	75
5.4e-05	79
1.6e-05	22
2.2e-05	31
7.6e-05	113
9.1e-05	135
6e-06	7
0.000154	231
4e-06	4
5e-06	5
6.8e-05	101
6.6e-05	97
6.3e-05	93
8e-06	10
8.1e-05	120
9e-06	11
8.5e-05	126
8e-06	10
3.4e-05	49
3.5e-05	50
3.6e-05	52
3.3e-05	47
3.8e-05	55
3.9e-05	57
8.2e-05	122
2e-05	28
2.2e-05	31
4e-05	58
3.2e-05	46
4.8e-05	70
4.9e-05	72
4.7e-05	69
4.4e-05	64
4.2e-05	61
4.3e-05	63
4e-05	58
7.5e-05	111
5.2e-05	76
9.3e-05	138
8e-05	119
9.9e-05	147
5.7e-05	84
5.8e-05	85
0.000302	455
7.4e-05	110
3.2e-05	46
3.3e-05	47
3.7e-05	54
3.4e-05	49
1.6e-05	22
7.4e-05	110
4.1e-05	60
4.2e-05	61
4.4e-05	64
4.8e-05	70
2.5e-05	35
2.7e-05	38
2e-05	28
2.9e-05	41
1e-05	13
1.1e-05	14
1.2e-05	16
1.3e-05	17
1.4e-05	19
1.5e-05	20
1.6e-05	22
1.7e-05	23
1.8e-05	25
1.9e-05	26
0.000487	735
5.7e-05	84
6e-05	88
0.000297	447
4.9e-05	72
1.6e-05	22
4.2e-05	61
1.4e-05	19
4.7e-05	69
4.5e-05	66
0.000142	213
1.4e-05	19
1.6e-05	22
1e-05	13
1.1e-05	14
1.2e-05	16
1.3e-05	17
2.4e-05	34
2.6e-05	37
2e-05	28
2.3e-05	32
2.4e-05	34
2.5e-05	35
2.6e-05	37
2.7e-05	38
2e-05	28
2.1e-05	29
2.3e-05	32
2.9e-05	41
2.4e-05	34
1.1e-05	14
1e-05	13
1.3e-05	17
1.2e-05	16
1.5e-05	20
1.4e-05	19
1.7e-05	23
1.6e-05	22
1.9e-05	26
1.8e-05	25
7.1e-05	105
5e-06	5
5.1e-05	75
5.5e-05	81
5e-05	73
6e-06	7
3.8e-05	55
3.1e-05	44
3.2e-05	46
3.3e-05	47
0.000118	176
1.3e-05	17
1.1e-05	14
1e-05	13
5.5e-05	81
1.6e-05	22
1.5e-05	20
1.4e-05	19
1.9e-05	26
1.8e-05	25
8.2e-05	122
5.8e-05	85
5.3e-05	78
5e-05	73
5.4e-05	79
1.9e-05	26
1.7e-05	23
1.6e-05	22
1.4e-05	19
7.1e-05	105
2.6e-05	37
2.1e-05	29
2e-05	28
2.3e-05	32
9e-06	11
8e-06	10
1.9e-05	26
1.2e-05	16
1.3e-05	17
1e-05	13
1.1e-05	14
8e-06	10
9e-06	11
0.000108	161
3.5e-05	50
3.8e-05	55
2e-06	1
3e-06	2
4e-06	4
5e-06	5
3.3e-05	47
7e-06	8
8.9e-05	132
4e-06	4
9e-06	11
2.1e-05	29
8.7e-05	129
1.5e-05	20
8.7e-05	129
1.1e-05	14
1.8e-05	25
6.6e-05	97
0.000142	213
6.3e-05	93
4.2e-05	61
1.1e-05	14
9.2e-05	137
1.4e-05	19
3.1e-05	44
3e-05	43
3.3e-05	47
3.5e-05	50
3.7e-05	54
9e-06	11
8e-06	10
2.1e-05	29
2e-05	28
2.3e-05	32
2.2e-05	31
2.5e-05	35
2.4e-05	34
2.7e-05	38
8.8e-05	131
2.9e-05	41
5e-06	5
6e-06	7
7e-06	8
7.2e-05	107
9e-06	11
8e-06	10
7e-06	8
6e-06	7
5e-06	5
4e-06	4
3e-06	2
5.3e-05	78
3.8e-05	55
4.8e-05	70
7.7e-05	114
1.7e-05	23
1.6e-05	22
5.8e-05	85
7.6e-05	113
4.3e-05	63
6.2e-05	91
0.000107	160
1.1e-05	14
4e-05	58
3.9e-05	57
3.3e-05	47
3.2e-05	46
3.1e-05	44
3e-05	43
3.7e-05	54
3.6e-05	52
3.5e-05	50
3.4e-05	49
9.1e-05	135
3.6e-05	52
5.8e-05	85
1.1e-05	14
4.3e-05	63
6.1e-05	90
2.1e-05	29
2.6e-05	37
2.7e-05	38
2.8e-05	40
2.9e-05	41
0.000169	254
5.1e-05	75
5.7e-05	84
4e-06	4
7.1e-05	105
6.6e-05	97
1.6e-05	22
1.4e-05	19
4e-06	4
1.3e-05	17
1.9e-05	26
1.1e-05	14
3.4e-05	49
3.2e-05	46
3.1e-05	44
4.5e-05	66
2.8e-05	40
2.2e-05	31
3.5e-05	50
0.000134	201
9e-06	11
4.8e-05	70
2.5e-05	35
2.4e-05	34
4e-05	58
4.3e-05	63
4.5e-05	66
2.3e-05	32
2.7e-05	38
3.7e-05	54
3.8e-05	55
3e-05	43
3.3e-05	47
3.7e-05	54
4.6e-05	67
2.3e-05	32
4.1e-05	60
4.2e-05	61
2e-05	28
4.8e-05	70
1.5e-05	20
8.1e-05	120
5.1e-05	75
4.9e-05	72
2.1e-05	29
3.8e-05	55
3.3e-05	47
8e-06	10
9e-06	11
3.6e-05	52
3.7e-05	54
0.000267	402
4.3e-05	63
0.000135	202
3.2e-05	46
3.4e-05	49
3.6e-05	52
3.3e-05	47
4.9e-05	72
4.8e-05	70
4.2e-05	61
4.1e-05	60
8.4e-05	125
6.3e-05	93
4.6e-05	67
1.3e-05	17
1.2e-05	16
1.1e-05	14
1e-05	13
1.7e-05	23
1.6e-05	22
1.5e-05	20
1.4e-05	19
1.9e-05	26
1.8e-05	25
8.7e-05	129
1.9e-05	26
1.8e-05	25
1.7e-05	23
1.6e-05	22
1.5e-05	20
1.4e-05	19
1.3e-05	17
1.2e-05	16
1.1e-05	14
1e-05	13
1.8e-05	25
1.9e-05	26
1.1e-05	14
1.3e-05	17
1.4e-05	19
1.6e-05	22
1.7e-05	23
3.4e-05	49
3.5e-05	50
3.8e-05	55
1.6e-05	22
1.7e-05	23
1.4e-05	19
1.5e-05	20
4.6e-05	67
1.3e-05	17
1e-05	13
1.1e-05	14
1.8e-05	25
1.9e-05	26
8e-06	10
9e-06	11
6e-06	7
7e-06	8
5e-06	5
3e-06	2
8e-05	119
3.4e-05	49
3.1e-05	44
3e-05	43
3.3e-05	47
3.2e-05	46
3.8e-05	55
3.8e-05	55
3.9e-05	57
3.4e-05	49
3.5e-05	50
3.7e-05	54
3e-05	43
3.1e-05	44
3.2e-05	46
3.3e-05	47
3.1e-05	44
3e-05	43
3.5e-05	50
3.4e-05	49
3.7e-05	54
3.6e-05	52
3.7e-05	54
4.3e-05	63
4e-05	58
4.9e-05	72
5.3e-05	78
2.2e-05	31
2.3e-05	32
2e-05	28
2.1e-05	29
2.6e-05	37
2.7e-05	38
2.4e-05	34
2.5e-05	35
2.8e-05	40
2.9e-05	41
1.1e-05	14
1e-05	13
7e-05	104
3.8e-05	55
8.3e-05	123
5.5e-05	81
2.5e-05	35
0.000274	413
7.1e-05	105
0.000101	151
9.5e-05	141
9.4e-05	140
2.8e-05	40
2.1e-05	29
2e-05	28
2.2e-05	31
2.5e-05	35
2.4e-05	34
2.7e-05	38
2.6e-05	37
4e-06	4
5e-06	5
6e-06	7
7e-06	8
3e-06	2
8e-06	10
9e-06	11
9.9e-05	147
2.5e-05	35
2.6e-05	37
2.7e-05	38
2e-05	28
2.1e-05	29
2.2e-05	31
2.3e-05	32
2.8e-05	40
6.8e-05	101
2.1e-05	29
2.5e-05	35
3.9e-05	57
3.6e-05	52
3.7e-05	54
3e-05	43
3.1e-05	44
3.2e-05	46
2.6e-05	37
2.7e-05	38
2.4e-05	34
2.5e-05	35
2.2e-05	31
2.3e-05	32
2e-05	28
2.1e-05	29
2.8e-05	40
2.9e-05	41
4e-05	58
4.1e-05	60
4.8e-05	70
4.9e-05	72
7.4e-05	110
7.6e-05	113
7.1e-05	105
7.3e-05	108
3.4e-05	49
3.9e-05	57
3.8e-05	55
1.3e-05	17
1.1e-05	14
1.6e-05	22
3.6e-05	52
4.6e-05	67
4e-05	58
4e-05	58
4.2e-05	61
9.8e-05	146
0.000162	243
4.8e-05	70
5.7e-05	84
5.6e-05	82
5e-05	73
6.2e-05	91
4e-05	58
6.9e-05	102
4.9e-05	72
3.5e-05	50
3.6e-05	52
1.9e-05	26
1.8e-05	25
1.5e-05	20
1.4e-05	19
1.7e-05	23
1.6e-05	22
1.1e-05	14
1e-05	13
3.9e-05	57
1.2e-05	16
5.6e-05	82
5.3e-05	78
5.3e-05	78
4.3e-05	63
