1	886
2	11907
4	7440
5	5340
7	4856
8	4180
172	2
10	3721
11	5300
13	1730
14	28544
16	1334
17	1272
19	1279
20	812
22	2577
23	580
25	538
26	513
28	450
29	775
31	353
32	340
34	287
35	319
37	257
38	258
551	1
40	229
41	192
43	204
44	164
46	199
47	134
49	156
50	136
52	153
54	109
55	111
57	92
58	116
60	83
61	91
63	77
64	49
66	70
67	77
69	66
70	65
72	75
73	48
75	50
76	50
78	51
79	50
81	42
82	35
84	49
85	34
87	32
88	32
90	23
91	36
604	1
93	34
94	28
702	1
96	26
97	34
99	24
101	28
102	22
104	20
105	21
107	20
108	18
110	25
111	20
113	18
114	20
116	18
117	13
119	19
120	22
122	21
123	12
125	16
126	10
128	12
129	14
131	18
132	13
134	7
135	14
137	11
138	14
140	14
141	16
654	1
143	8
144	11
146	4
147	11
149	8
151	6
152	4
154	6
155	5
538	1
158	9
160	13
161	12
163	4
164	4
166	6
167	2
169	6
682	1
517	1
173	5
175	5
176	7
179	4
181	4
182	4
184	1
185	4
187	2
188	6
190	4
191	3
193	4
194	4
196	1
197	3
199	3
201	2
202	1
204	7
546	1
205	1
208	2
210	2
211	3
213	2
214	3
216	1
217	1
219	4
220	1
634	1
222	2
735	1
225	1
226	4
229	3
231	3
232	1
234	3
235	1
237	1
238	3
240	2
243	4
244	1
246	4
252	1
254	3
255	1
257	1
258	2
260	2
261	1
263	4
264	1
266	2
267	1
270	2
273	2
275	3
276	2
278	2
282	2
284	1
287	1
288	1
290	1
291	1
294	1
561	1
296	1
301	1
302	1
305	3
314	2
223	4
317	1
322	1
566	1
332	1
334	2
335	1
338	1
340	1
857	1
347	1
540	1
523	1
355	3
357	1
875	1
369	1
372	1
375	2
378	1
381	1
388	1
391	2
396	1
401	2
402	1
404	1
407	1
922	1
411	1
413	1
417	1
207	3
935	1
157	4
437	1
438	1
446	1
447	1
454	1
455	2
458	1
461	1
464	2
466	2
473	1
475	1
678	1
1000	2
490	1
491	1
594	1
494	1
497	1
170	4
